0 391 525 560 561 756
1 258 463
2 136 225 779 496
3 419 393 74 911 822 505 286
4 909 926
5 320 625 938
6 608 27 915 859 829
7 575 845 943 767 374 55 253 126 95
8 776 681 327
9 970 339 318
10 958
11 203 131 181
12 153 226 644 655
13 899 52 597 734
14 880 715 660 54
15 162 644 263 391 104 813 624
16 357 236 687 25 670 575
17 485 780 688 629 668
18 482 91
19 829
20 625 897 613 166
21 100
22 824 65 285
23 607
24 608 603 68
25 16 344 763 807
26 184
27 6 300 433 981 727
28 216 856 902
29 387
30 321 420 964 688 176 853 600
31 393 187 767
32 299 315
33 416 576 389 471 121 604
34 929 724 405 663
35 921 972 582 743
36 388 805 198 434 184 153
37 728 213
38 281 341 757
39 866 894 230
40 423 648 877 753 369 117 663
41 834 452 47 658 662 922
42 130 354 740 297 970 689 659 983 665 954 989
43 795 193 579 271 507 123 447
44 635
45 691 78
46 740 976 378 507 476
47 649 595 556 41
48 261 421 686 339 148 179
49 866 915 821
50 198 972 813 689 767
51 227 455 204 143 849 404 634 351
52 560 612 13 54
53 817 977
54 199 14 80 52 950 539
55 859 356 126 7
56 641 429
57 288 934 397 753 188
58 81 170
59 641 557
60 623 951
61 833 258 348
62 336 548 814 855
63 360 264 336 343
64 944 397 103
65 584 248 22
66 610 134 974
67 785 673 684 478
68 803 82 598 24 959
69 318
70 978 917 151 413 255
71 593 98
72 193 485 617 658 926
73 432 514 315 558
74 576 3 996 302 560 536
75 323 772 911 370 534 759 249
76 922 365 542 511
77 784 178
78 192 161 312 45
79 459 978 216 729 666 860 734
80 128 714 421 54
81 58 725 782
82 338 323 68 991
83 884 829
84 480 544 278
85 552 811 273 753 220 575
86 107 165
87 954 774 270 999
88 648 512 796 853
89 714 733 758
90 985 517
91 18 654 594 886
92 869 986 851 277
93 321 806 422 427 306 125
94 888 882 843 386
95 946 409 314 7
96 957
97 519 714 756 663 472
98 582 71 809 310 345 985
99 730 762 171
100 482 780 401 21 698 254
101 290 405 167
102 369 388
103 64 677 679 392 463 251
104 240 700 896 15
105 522 220 340 950
106 399 389 479
107 300 86
108 978 155 454
109 891 641 410 291
110 771 427 469 251 220
111 905 237 436 916 245
112 253 477 294
113 387 275 595 789 316
114 795 861 159
115 422
116 584
117 40 258 763
118 256 625 466 147
119 983 507 543
120 166 906 494 782 976 599 409
121 33 410 500
122 907 940 465 728 255
123 43 821 342
124 394 684 588 976 828
125 323 260 707 359 551 982 763 93
126 833 7 684 628 55 314
127 636 727
128 80 336
129 427 876 142 953 218
130 966 42 554 986 958
131 11 850 459
132 810 260 197
133 768 958
134 193 66 678 335 599
135 195 899 419 822
136 465 2 516 217
137 837
138 770 669 550 827 381
139 960 577 426 171 397 244 760 731
140 929 453 869 390 718 174 817 177
141 690 836 661
142 441 129
143 196 683 51 820 157 985 315 989
144 996
145 352 609 581 809 791 703
146 929 338 932
147 331 300 118 956 575
148 48
149 161 233
150 768 315 670 775
151 928 70 231 370 924 957 447
152 946 275 332 573
153 36 904 12 943 688 694 761 985 319
154 812 365
155 867 426 108 791 947 918 567 856 926 159
156 914 718 447
157 769 552 395 269 621 143 882 436
158 360 956
159 256 454 114 499 247 155
160 920 243
161 843 78 149 729 189
162 425 587 396 15 596 667 221
163 897 810 972 484
164 576 901
165 292 86
166 120 20
167 580 677 101 297 978 724 828
169 268 790
170 810 943 978 562 58
171 99 742 297 362 139 843 442
172 540
173 616 446
174 733 140 525
175 453 830
176 818 665 570 539 30
177 550 299 140 753 443
178 213 467 77 822
179 48 829 518
180 900 772 297 828 317
181 546 11 332
182 390 615 203 685 654 658
183 216 753 642 282
184 26 36 974 506 638
185 772 583 872 907 216 538
186 212
187 562 574 31
188 57 618 235
189 633 161 206 495
190 860 349
191 952 826 780 810
192 963 549 78 721 379 216 987 254
193 322 134 72 938 43 685 412
195 320 610 516 135 840 525 241 887 925
196 658 286 143
197 132 908 773 543
198 50 341 36 661
199 806 873 491 366 54
200 249
201 426 234 750 690 596 341
202 605
203 678 11 182 728 447
204 611 581 651 51 605
205 458 541 988 301
206 546 243 812 189
207 640 260 425 790 855
208 976 780
209 708 420 711 432 242
210 898 398 303
211 394 317
212 609 186 948
213 516 37 996 459 464 178
214 765 690 215 953 285 574
215 214 310 984 345 666 918
216 192 716 877 79 978 183 185 28
217 136 357 575
218 129 926
219 732 496 822 566 892
220 353 105 110 85 600 221
221 240 162 220 910
222 419 485
223 711 905 588 399 985
224 656 578 596 605
225 384 864 2 933 714 855 253
226 12
227 256 377 51
228 609 995 400 539 540
229 408 721 620
230 482 39 755 343 987
231 964 966 242 151 312
232 570 390
233 858 637 149 918
234 488 201 715 474 540
235 835 980 728 188 606
236 16 330 286
237 282 111
238 326 916 646
239 427 783
240 104 627 348 221
241 195
242 209 270 231
243 160 206 754 629 283
244 609 139 789
245 313 475 111
246 675 564
247 377 469 281 159
248 65 493 595 405 479
249 200 75 939 718 918 793
250 840 859 915 534
251 103 110 494
252 325
253 112 225 868 7
254 192 100 750
255 313 122 70 543
256 227 739 598 118 159
257 807
258 1 117 412 61
259 832 262 334 372 276
260 384 291 132 739 543 207 756 406 125 991
261 48 473 597
262 259 759 588 723 663
263 827 15
264 709 987 340 471 379 926 63
265 520 605 373 863
266 664 933 830 903
267 783 741 806 879
268 421 392 169 461 948 534 729 666
269 993 157 662 701
270 966 460 242 723 87 347
271 43 434 443
272 600 343 542 727
273 85 527
274 773 559
275 971 304 113 468 152
276 259 459 632 430 952 601 348
277 424 523 848 630 92 414
278 812 788 84
279 758
280 480 579
281 247 484 38 911
282 935 237 815 406 183 479
283 899 300 739 243
284 925
285 864 899 393 363 876 214 22 444
286 707 196 3 807 391 236 525 987 957
287 331 910 440 313 508
288 641 57 399
289 428 850 404 821 313
290 101 798
291 441 260 109 518
292 165 298 404 917 921
293 768 528 423
294 112 968 983
295 663 904 727
296 481 535
297 832 834 483 868 167 42 171 812 431 180 470
298 490 292 860
299 32 177 988
300 742 107 283 147 919 378 27
301 205
302 74 684
303 737 210 478 742
304 353 997 783 275 979
305 614 879 883 597 887 473 571 638
306 328 897 93 438
307 660 415
308 561 770 933 727
309 409 811
310 657 98 844 215
311 443 427 799
312 231 910 78 633 634
313 289 255 287 937 245 735
314 999 552 460 945 535 888 410 126 95
315 32 73 143 529 596 150 760
316 363 590 113 668 509 606 351
317 448 847 211 180 792 797
318 640 414 69 550 614 9 382
319 480 335 793 153 954 574
320 195 5 613 869 826
321 513 642 738 322 418 326 858 93 30
322 321 193 362 356
323 737 328 75 925 82 635 125
325 864 732 252
326 321 971 813 238 943 439 761
327 8 401 788
328 914 323 306
329 713 562 925
330 715 236 349 726
331 465 147 745 287
332 971 721 181 152 411
333 716 805 678
334 259 899 965 456 403 952
335 840 134 319
336 128 643 759 62 63
337 457 931 596 443
338 842 146 82 693 791 413
339 48 9
340 579 264 105 522 877 499 575
341 802 738 38 198 201 989
342 123 652 484
343 230 935 526 272 596 63
344 633 772 574 25
345 98 651 658 914 215 892
346 521 619 620
347 567 270 599 893 383
348 240 914 276 731 61
349 330 949 190 909
350 726
351 618 491 51 468 316 478
352 824 145 969 672
353 304 361 220
354 682 42 685 978 503
356 545 322 55
357 16 217 972 997
358 388 558 400 564 858
359 900 586 535 730 125
360 681 715 571 158 63
361 448 353 524 718 503
362 449 738 322 171 660 991
363 472 961 316 285
364 809 946 974
365 154 811 684 76
366 773 199 617 524 399 660
367 585 769 847
368 674 747
369 776 40 102 759
370 696 75 406 151
371 771
372 259
373 265 412 478
374 713 7
375 569 660
376 657
377 512 640 931 227 625 247
378 300 46 818 444 861
379 264 851 192
380 523
381 640 617 873 138 526 890
382 416 869 318
383 649 970 719 848 948 408 697 347
384 225 260 653
385 571 487 470 751
386 933 94
387 876 113 988 29 671
388 480 36 708 358 102 877 952
389 680 33 106 585
390 674 232 140 847 182 508
391 0 584 286 15
392 448 268 526 103
393 435 3 285 31
394 512 517 688 786 211 538 124
395 865 626 157
396 162 706 773
397 64 139 889 892 57
398 802 210 627 915 475 764 477 735
399 288 713 106 366 657 920 223
400 961 228 358 520 402 659 537
401 449 562 100 327
402 400 692 655
403 334 662
404 289 292 846 51 765
405 34 101 901 248 988
406 260 805 370 282 670
407 473 802
408 229 829 742 383
409 715 309 120 699 95
410 519 109 913 501 121 314
411 768 583 808 332 720
412 193 258 852 373 988 703
413 338 70
414 277 318
415 307
416 33 932 615 495 944 541 382
417 865 420 646 584 618
418 480 321 436
419 800 3 222 135
420 417 209 825 604 30
421 896 268 80 48 603
422 683 464 977 115 758 443 93
423 293 40 778 618 460 501 984
424 781 787 277
425 162 207
426 201 139 155
427 129 804 682 811 749 110 239 311 698 93
428 289 734 518
429 56
430 458 276
431 297 907
432 73 209
433 27
434 727 36 742 271
435 393 782
436 418 932 708 111 157
437 799
438 936 306 886
439 326
440 287 573 727
441 291 142
442 648 817 171
443 422 811 271 177 337 819 886 311
444 969 378 285
445 800 492 709
446 173
447 640 43 203 876 885 151 156
448 707 392 361 621 317 478
449 401 362 515
450 985 699
451 764 934 918 766
452 512 995 870 41 714 462 858
453 773 140 750 175 496 468
454 644 108 159
455 51 564 766
456 334
457 337 889 701
458 963 205 430 495 698
459 131 708 965 684 79 276 213
460 423 270 495 314 475
461 737 745 268 912 882 787 959
462 658 707 452 638
463 1 103
464 609 213 422
465 775 136 331 975 122
466 587 931 525 118
467 539 178 803 774
468 602 275 453 351
469 835 714 779 716 110 247 894 959
470 297 385 534
471 264 33
472 664 97 363 555
473 931 675 261 870 910 496 305 407
474 868 234 973 845 633
475 460 557 398 500 565 245 700
476 832 672 583 845 46 789
477 112 874 916 398
478 448 67 303 373 534 351
479 106 529 726 248 282 895
480 418 612 388 84 280 319
481 901 296 809 696 830 671
482 908 18 100 230
483 297 835 908
484 281 163 676 342
485 72 17 552 222
486 904
487 385 580 527 977 818 948 920
488 234 996
489 817 602 764 653
490 522 500 298
491 351 199
492 720 445 847
493 248 868
494 120 251 495
495 416 964 458 460 494 663 189
496 473 2 219 453
497 688 660 831
498 560 754 950
499 340 159
500 121 490 475 782
501 410 677 526 423
502 755 525
503 576 361 354 782
504 649 835
505 608 553 586 3
506 184 885
507 807 43 46 119 668 735
508 900 966 390 618 533 957 287
509 672 682 316 952
510 872 800
511 668 76
512 452 394 619 973 88 377 699 703
513 608 321 692 927
514 73 746 893 741
515 449
516 136 195 213
517 394 90 669
518 291 428 815 179 702
519 97 410
520 400 265
521 856 346 604 733
522 800 967 105 490 340
523 880 380 277
524 361 366
525 0 195 938 174 466 502 891 286
526 392 757 501 343 381
527 273 487
528 293 935 657 787 607
529 315 479
531 842
532 777 613
533 891 508 997 631
534 75 268 470 950 250 478
535 600 296 314 359
536 809 74 838
537 400 961 800
538 617 394 622 791 185
539 228 806 558 176 467 54
540 172 234 803 228
541 416 714 611 205
542 272 76
543 260 197 783 119 699 255
544 832 84 928
545 356
546 665 181 206
547 826
548 865 837 62 615
549 192 807
550 704 834 138 177 318
551 914 125 999
552 485 314 85 157
553 569 810 505
554 130
555 472 786 940
556 816 47
557 59 475
558 358 872 73 786 539
559 274
560 0 498 52 74
561 0 308
562 329 170 621 401 187 958
563 898 789
564 705 358 455 652 246
565 818 475
566 219 919
567 736 967 155 784 347
568 582
569 553 722 697 375
570 996 232 176 826 571 957
571 385 360 681 305 570
572 840 755
573 440 152
574 610 742 214 344 187 319
575 7 974 16 147 340 85 217
576 33 164 936 74 503
577 139 982
578 224 757 814
579 868 43 760 340 280
580 487 167
581 841 204 909 145 819 794
582 98 35 937 715 940 568
583 807 748 687 723 185 411 476
584 65 417 867 391 784 116 727
585 932 389 367 817 883
586 505 359
587 768 162 466
588 613 262 953 124 223
589 961
590 705 316
591 784 665 989 927
592 805
593 857 747 71 919
594 904 914 91 605
595 748 684 47 113 627 248
596 224 162 201 337 343 315
597 833 261 967 13 305
598 256 68 790
599 134 916 120 634 347
600 272 220 30 535
601 276
602 489 818 468 676
603 834 869 421 979 24
604 33 420 521 615
605 224 265 202 778 204 594
606 626 235 316
607 624 528 752 23
608 513 706 6 742 813 24 505 827
609 228 751 464 145 658 244 212
610 66 195 574
611 867 204 541
612 480 828 52
613 320 679 588 659 532 20
614 305 318
615 416 604 182 548
616 632 770 620 173
617 72 538 381 366
618 417 423 508 823 667 188 351
619 512 346 680
620 229 616 977 728 346
621 448 641 936 562 157
622 914 538
623 60
624 607 15
625 5 20 118 377 763
626 395 659 606 807
627 835 398 240 595 831
628 760 126
629 903 17 243 725 926
630 277 693
631 533
632 616 891 276 878
633 344 687 312 474 189
634 51 981 599 312 923 895
635 681 323 44
636 721 127
637 233 748 757
638 928 653 462 305 184
639 946 892
640 645 207 753 377 381 318 447
641 288 736 621 109 662 56 59
642 321 749 183
643 336 769
644 12 15 454 887
645 640 693
646 760 417 238 695
647 754 983
648 88 442 40 818
649 504 383 47
650 713
651 345 204
652 564 342
653 384 489 638
654 873 979 693 182 91 990
655 697 402 12
656 224 714 682 676
657 399 528 310 376 863
658 832 609 196 72 41 778 749 462 847 182 345
659 400 626 42 613
660 362 14 366 497 307 375
661 872 947 141 198
662 641 41 269 403 756
663 97 34 262 295 40 495
664 472 266
665 546 900 42 591 176
666 268 79 215
667 162 937 618 858 863
668 848 17 507 316 511
669 929 517 999 138 756
670 16 406 701 150
671 481 882 387 777
672 352 476 509 976
673 67
674 390 843 368 754 724 859
675 473 707 868 246
676 960 484 997 809 656 602
677 103 501 167
678 134 806 203 333 759
679 613 103
680 619 389
681 8 360 953 635 571
682 354 427 656 755 509
683 729 422 143
684 67 775 459 365 302 595 124 126
685 193 354 182 950 758 762
686 48
687 583 16 816 633 698
688 394 750 497 17 153 30
689 697 42 50
690 201 947 141 214
691 970 716 45
692 513 402
693 962 645 711 809 812 654 338 630
694 153 710 807
695 646
696 481 370 893 894 927
697 655 689 569 383
698 100 458 427 687 988
699 512 450 742 808 409 543
700 104 475
701 965 457 746 269 670
702 768 518
703 512 145 412
704 729 550 838
705 564 805 590 767
706 608 801 396
707 448 675 716 462 125 286
708 388 459 209 436 856
709 264 445
710 694 742
711 209 693 223
712 924 742
713 840 329 650 937 399 374
714 97 225 452 80 656 469 757 89 541
715 582 360 330 234 14 409
716 707 868 333 691 469 216 959
717 887
718 929 361 140 249 156 735
719 826 739 383
720 888 411 492 877
721 636 332 229 192
722 569
723 784 270 262 583
724 674 34 886 167
725 912 81 796 629
726 330 350 479
727 295 584 272 434 308 917 440 27 892 127
728 932 37 235 620 203 122
729 704 161 683 268 79 861
730 99 787 805 359
731 139 348 901
732 219 325 798
733 89 174 521
734 901 808 428 13 79 955 956
735 768 806 842 718 398 313 507
736 641 567
737 784 323 461 303
738 321 362 341
739 256 283 260 719
740 42 982 46
741 816 514 267
742 608 710 712 171 300 303 434 948 408 699 574
743 35
744 745 927
745 800 896 744 331 461 895
746 514 701
747 873 877 878 880 593 368 921
748 968 595 637 583
749 658 427 642
750 453 201 798 784 688 254
751 385 609 907 908 944
752 607
753 640 963 40 177 85 183 57
754 498 674 243 647
755 230 775 682 502 952 572
756 0 97 260 662 669
757 578 38 714 526 637
758 422 843 685 279 89
759 678 262 75 336 369 831
760 579 646 139 818 628 886 315 892
761 153 326 903
762 99 685 870
763 625 978 117 25 125
764 451 777 489 398 956
765 404 214 767
766 883 451 455
767 705 7 941 50 765 31
768 293 133 806 587 150 411 702 735
769 643 872 910 367 157
770 616 138 308
771 371 110
772 344 185 75 180
773 197 453 396 366 274
774 467 868 87
775 971 684 465 755 150
776 8 793 369
777 764 532 671
778 658 605 423
779 2 469
780 100 208 17 880 191
781 424
782 995 937 81 435 500 503 120 795
783 304 267 543 239
784 737 584 77 750 591 723 567
785 67
786 834 555 558 394
787 528 730 461 424
788 278 327
789 867 836 113 563 244 476
790 169 598 207
791 923 943 145 338 538 155
792 994 317
793 776 249 319
794 581 815
795 43 782 114 885 856
796 88 725
797 317
798 290 860 909 750 954 732
799 437 311
800 419 745 522 537 445 510
801 706
802 341 398 407
803 467 540 68
804 985 427
805 705 36 333 592 406 730
806 768 678 199 872 267 539 93 735
807 257 549 583 626 694 856 25 507 286
808 874 411 917 699 734
809 481 98 676 364 145 693 536 954
810 163 132 553 170 191
811 427 365 309 85 443
812 297 206 693 278 983 154
813 608 326 942 15 50 985
814 578 858 62
815 282 794 518
816 869 556 741 687
817 585 489 140 53 442
818 865 487 648 378 176 565 760 602
819 443 581
820 143
821 289 943 49 919 123
822 3 178 219 135
823 841 618
824 352 977 22
825 420
826 320 547 845 719 570 191
827 608 994 263 968 138
828 612 167 968 180 124
829 6 879 83 179 19 408
830 481 266 869 175
831 497 627 759
832 544 259 297 658 476
833 61 597 126
834 550 41 297 786 603
835 483 235 973 627 852 469 504
836 789 141
837 137 548
838 536 886 704
840 195 713 335 250 572
841 581 823
842 338 531 735
843 161 674 171 758 94
844 937 310
845 870 7 474 476 826
846 937 404
847 390 492 367 658 317
848 668 277 383
849 51
850 289 131
851 379 92
852 835 412 951
853 88 30
854 862
855 225 62 207
856 795 708 807 521 913 155 28
857 593
858 321 452 358 233 814 667
859 674 250 6 55
860 298 190 798 79
861 729 378 114
862 854
863 657 870 667 265
864 225 285 325 974
865 417 818 395 548
866 49 39
867 584 611 155 789
868 579 675 774 297 716 493 920 474 253
869 320 382 140 816 603 92 989 830
870 452 845 473 762 863
871 952
872 769 806 937 558 661 185 510
873 747 381 654 199
874 808 477
875 888
876 129 387 905 285 447
877 388 40 747 908 720 340 216
878 632 747
879 305 267 829
880 523 747 780 14 888 957
881 941
882 461 157 94 671
883 585 766 305
884 83 887
885 506 795 971 447
886 838 724 443 438 760 91
887 195 644 717 305 884 919
888 875 880 720 314 94
889 953 457 397
890 381
891 632 533 525 109
892 397 727 760 345 219 639
893 696 514 347
894 696 469 39
895 745 634 479
896 104 745 421
897 969 306 163 20
898 210 563 958
899 135 13 334 975 283 285
900 359 936 180 665 508
901 481 164 405 985 731 734
902 28
903 761 266 629
904 153 594 486 295
905 876 111 223
906 120
907 185 122 431 751
908 482 483 197 877 751
909 581 4 349 798
910 769 312 473 221 287
911 281 75 3
912 461 725
913 856 410 934
914 551 328 622 594 348 345 156 958
915 49 250 398 6
916 599 477 238 111
917 808 292 70 727
918 451 953 233 215 249 155
919 300 593 821 566 887
920 160 487 868 399
921 35 932 292 971 747
922 41 76
923 634 791
924 712 151
925 329 323 284 195
926 4 264 72 629 218 155
927 928 513 744 591 696
928 151 544 638 927
929 34 140 718 146 669
931 337 377 466 473
932 416 585 146 436 728 921
933 225 386 266 308
934 913 451 57
935 528 282 343
936 576 900 621 438
937 582 872 713 844 846 782 313 667
938 193 525 5
939 249
940 122 555 582
941 881 767
942 813
943 326 7 170 821 791 153
944 64 994 416 751
945 314
946 152 364 639 95
947 690 155 964 661
948 742 487 268 212 383
949 349
950 105 685 498 54 534
951 60 852
952 992 191 388 998 871 334 755 276 509 991
953 129 681 588 214 918 889
954 809 42 87 798 319
955 734
956 158 147 764 734
957 96 880 151 570 508 286
958 130 898 133 10 562 914
959 461 716 469 68
960 139 676
961 400 537 363 589
962 693
963 192 753 458
964 231 947 30 495
965 459 701 334
966 130 508 270 231
967 522 597 567
968 827 828 748 294
969 352 897 444
970 9 42 691 383
971 326 775 332 275 885 921
972 357 50 35 163
973 512 474 835
974 864 66 364 184 986 575
975 465 899
976 672 46 208 120 124
977 422 487 620 53 824
978 354 70 167 170 108 79 216 763
979 304 603 654
980 235
981 634 27
982 577 740 125
983 294 647 42 812 119
984 423 215
985 450 98 804 901 813 143 153 90 223
986 130 92 974
987 264 192 286 230
988 387 299 205 405 698 412
989 869 42 143 591 341
990 654
991 993 260 362 82 952
992 952
993 269 991
994 792 827 944
995 452 228 782
996 488 74 144 213 570
997 304 357 676 533
998 952
999 314 551 669 87
