0 5 10 13 45 59
1 38
2 37 86 24 89 58
3 73 98 99 38
4 11 98 51 13
5 0 73 86
6 96 34 74 55 61 30
7 64 32 13 15 80 85
8 92 13 15
9 96 35 98 64
10 24 0
11 83 4
12 58 45
13 0 4 7 8 41 54 30
14 16 70 26 22
15 68 7 8 78 54 31
16 44 14
17 40 94
18 32 21
19 74 90 62 63
20 36 49 55 89 91 94
21 64 80 18 83 56
22 25 58 14 87
23 69 73 83 54 92
24 2 98 10 75 47 90
25 68 55 22 87 27 28
26 81 41 59 14
27 97 75 77 54 25 30 63
28 88 25 86 63
29 67
30 33 6 13 88 27
31 15
32 18 46 7
33 66 30
34 6
35 9 58 82
36 49 20 44
37 89 2 50 70
38 1 98 3 67 95
39 90 78
40 73 17 82 83 58 93
41 26 13 54 87
42 66 67 45 62
44 16 81 83 36
45 0 42 12 86 59 60
46 32 56 94 79
47 24
48 72
49 36 69 80 20 88
50 74 37
51 81 74 4 87
53 88 80 72
54 41 13 15 23 27
55 25 20 6
56 21 46 87
58 2 35 40 12 77 76 22
59 0 98 45 26 91 93
60 89 75 45 63
61 6
62 71 73 42 19 95
63 69 60 19 27 28
64 80 9 21 7
65 88 89
66 33 42 97
67 42 29 38
68 96 25 87 15
69 49 23 63
70 37 92 85 14
71 74 77 62
72 48 53
73 3 5 40 76 87 23 62
74 6 71 50 19 83 85 51 91
75 86 88 24 27 60
76 73 58 95
77 99 71 84 85 58 27
78 99 39 87 15
79 85 46
80 64 98 7 49 83 21 53 93
81 44 51 87 26 91
82 40 35
83 40 74 11 44 80 21 86 23
84 77
85 98 99 70 7 74 77 79
86 2 5 75 45 83 28
87 68 41 73 78 81 51 22 56 25
88 65 75 49 53 28 30
89 65 2 37 20 60
90 24 19 39
91 81 74 59 20
92 8 70 23
93 80 40 59
94 17 20 46
95 62 76 38
96 9 68 6
97 66 27
98 3 4 38 9 80 85 24 59
99 3 85 77 78
