1 148.41357970237732
2 162.18508887290955
3 168.6879210472107
4 175.48268699645996
5 182.11209201812744
6 188.36494493484497
7 194.93202114105225
8 201.5945749282837
9 209.10274004936218
10 215.48099279403687
11 221.84847593307495
12 228.06990504264832
13 234.68498587608337
14 241.758642911911
15 248.3183569908142
16 255.01496195793152
17 261.25716376304626
18 267.62383008003235
19 273.93992495536804
20 280.54741883277893
21 286.8111569881439
22 293.2328338623047
23 299.7514441013336
24 305.8587317466736
25 312.4415650367737
26 320.0361559391022
27 326.0726799964905
28 332.3033847808838
29 338.57404804229736
30 345.9102427959442
31 352.27496886253357
32 358.69459104537964
33 365.8777639865875
34 372.1336159706116
35 378.94343400001526
36 384.8712818622589
37 391.47351574897766
38 398.29170393943787
39 404.43561601638794
40 410.6616950035095
41 416.7287428379059
42 423.12671279907227
43 429.29365491867065
44 435.3335168361664
45 441.61677289009094
46 447.87987208366394
47 454.05732107162476
48 460.2256519794464
49 466.6481239795685
50 472.7792239189148
51 479.9973919391632
52 486.3309557437897
53 492.7282009124756
54 499.7493751049042
55 507.1939289569855
56 514.0999970436096
57 521.2842121124268
58 528.9549379348755
59 535.1072657108307
60 541.3828060626984
61 547.3923847675323
62 553.5487098693848
63 559.6956419944763
64 565.7782170772552
65 571.9653608798981
66 578.1081690788269
67 584.4356269836426
68 590.7911298274994
69 596.8553149700165
70 603.6927907466888
71 609.9973299503326
72 616.5967168807983
73 623.0842998027802
74 630.1461458206177
75 636.4266579151154
76 643.0772387981415
77 648.8025207519531
78 657.0176830291748
79 664.2648818492889
80 672.1733231544495
81 678.293872833252
82 684.6966218948364
83 690.7685520648956
84 696.9794058799744
85 702.8615250587463
86 709.0450828075409
87 715.4161288738251
88 721.8273959159851
89 728.1362898349762
90 734.1979310512543
91 740.3800227642059
92 746.3766219615936
93 752.5040647983551
94 758.6461870670319
95 764.9356899261475
96 770.9285430908203
97 777.2371098995209
98 783.609504699707
99 789.6413259506226
100 795.7716569900513
101 802.1118590831757
102 808.2661108970642
103 814.2142939567566
104 820.9422450065613
105 828.2345659732819
106 834.7761619091034
107 841.0649118423462
108 847.6567208766937
109 853.8816089630127
110 860.107913017273
111 866.4529809951782
112 872.6941840648651
113 878.966579914093
114 885.1938400268555
115 891.3139238357544
116 897.749892950058
117 904.020665884018
118 910.5392887592316
119 916.6708579063416
120 922.8005700111389
121 928.9927558898926
122 935.2161757946014
123 941.3403668403625
124 947.4244937896729
125 953.5950207710266
126 959.6578550338745
127 965.4261379241943
128 971.2600789070129
129 977.6521580219269
130 983.9560878276825
131 989.9767508506775
132 997.5900650024414
133 1003.220566034317
134 1009.3832788467407
135 1015.636433839798
136 1021.8051788806915
137 1028.9480929374695
138 1035.4722049236298
139 1041.46258187294
140 1047.5752530097961
141 1053.6873071193695
142 1059.598608970642
143 1066.049469947815
144 1072.2108838558197
145 1079.5907757282257
146 1085.9355418682098
147 1091.8867008686066
148 1097.9554798603058
149 1103.7444150447845
150 1109.2835128307343
151 1115.3059589862823
152 1121.2789487838745
153 1127.2291810512543
154 1133.3675637245178
155 1139.3423359394073
156 1145.7242708206177
157 1151.5186960697174
158 1157.6618099212646
159 1163.9851849079132
160 1170.0233879089355
161 1176.8820428848267
162 1182.701910018921
163 1188.748778104782
164 1195.2962818145752
165 1201.4715058803558
166 1207.0141348838806
167 1214.3536357879639
168 1220.7614159584045
169 1226.907884836197
170 1232.9286799430847
171 1238.9541099071503
172 1245.6238820552826
173 1251.94739985466
174 1257.738380908966
175 1263.6233627796173
176 1269.5622279644012
177 1275.3645169734955
178 1281.0507180690765
179 1286.9219317436218
180 1293.0492630004883
181 1298.7469940185547
182 1304.8251841068268
183 1310.8725500106812
184 1315.94606590271
185 1321.5729088783264
186 1327.518739938736
187 1333.1016447544098
188 1338.9804348945618
189 1344.6315829753876
190 1350.0980548858643
191 1356.0516438484192
192 1363.2702417373657
193 1369.0268638134003
194 1375.5087177753448
195 1381.4252140522003
196 1387.2963478565216
197 1393.8887519836426
198 1400.8158988952637
199 1406.9341950416565
200 1413.157597064972
201 1418.7050569057465
202 1424.8861720561981
203 1430.62189078331
204 1437.3266320228577
205 1442.7679319381714
206 1448.6351079940796
207 1454.1450698375702
208 1459.7703449726105
209 1465.910059928894
210 1472.1675119400024
211 1478.2619168758392
212 1484.5749068260193
213 1496.557024717331
214 1502.2829310894012
215 1509.3787868022919
216 1515.470870733261
217 1522.2221908569336
218 1528.3522157669067
219 1534.1325430870056
220 1540.0373840332031
221 1545.6923160552979
222 1551.5897529125214
223 1557.8061769008636
224 1563.8292140960693
225 1569.5604240894318
226 1575.7928218841553
227 1581.8021500110626
228 1588.2169847488403
229 1594.4194068908691
230 1600.1825318336487
231 1606.4577128887177
232 1612.4201228618622
233 1618.3209748268127
234 1624.725664138794
235 1629.8153538703918
236 1636.6785938739777
237 1642.5871686935425
238 1648.622454881668
239 1654.6326930522919
240 1661.0062611103058
241 1667.1827199459076
242 1673.167484998703
243 1679.3991167545319
244 1685.8181037902832
245 1691.632069826126
246 1697.6119980812073
247 1705.0404958724976
248 1711.2425198554993
249 1717.6068708896637
250 1724.43572473526
251 1730.1947748661041
252 1736.8554451465607
253 1743.1952409744263
254 1750.6765689849854
255 1756.3559749126434
256 1761.9970178604126
257 1768.1357309818268
258 1774.6386358737946
259 1781.4382109642029
260 1787.7970678806305
261 1793.6762239933014
262 1799.8535058498383
263 1805.511011838913
264 1811.3924479484558
265 1817.584459066391
266 1823.354178905487
267 1829.0038847923279
268 1834.7440431118011
269 1840.4051389694214
270 1846.8483319282532
271 1852.7979710102081
272 1858.9984798431396
273 1864.890074968338
274 1871.081748008728
275 1877.990220785141
276 1884.14879488945
277 1890.9007680416107
278 1896.9713258743286
279 1903.3085458278656
280 1909.858592748642
281 1916.5015687942505
282 1922.9738037586212
283 1929.6526539325714
284 1935.7540669441223
285 1942.051404953003
286 1948.3182380199432
287 1955.1914129257202
288 1961.5011999607086
289 1967.4345648288727
290 1973.06112074852
291 1979.0793948173523
292 1986.3326270580292
293 1992.0665369033813
294 1997.8544647693634
295 2003.8643548488617
296 2009.9752399921417
297 2015.9865839481354
298 2022.16676902771
299 2027.7852218151093
300 2033.6339490413666
301 2039.4268040657043
302 2045.3430988788605
303 2050.780916929245
304 2056.753525018692
305 2062.540050983429
306 2068.126646757126
307 2073.7815220355988
308 2080.1271917819977
309 2086.4155848026276
310 2092.8809809684753
311 2098.582545042038
312 2104.991714954376
313 2110.917445898056
314 2117.2733368873596
315 2122.9808237552643
316 2129.416980981827
317 2135.430759906769
318 2141.853273868561
319 2147.4902579784393
320 2154.0558428764343
321 2159.8764407634735
322 2165.8806779384613
323 2171.5241458415985
324 2177.4443049430847
325 2183.5047969818115
326 2189.308753967285
327 2195.283191919327
328 2202.193047761917
329 2208.0762887001038
330 2213.4296629428864
331 2219.7266738414764
332 2225.3039739131927
333 2231.782763004303
334 2237.635876893997
335 2243.134638786316
336 2249.456794977188
337 2255.3917639255524
338 2261.2546389102936
339 2267.075352907181
340 2273.2345929145813
341 2279.163286924362
342 2284.979297876358
343 2290.9177429676056
344 2296.7597119808197
345 2302.757004737854
346 2308.7783539295197
347 2315.531625032425
348 2322.1886780261993
349 2328.9654128551483
350 2335.6819310188293
351 2341.873059988022
352 2348.540006875992
353 2354.345077753067
354 2360.623055934906
355 2366.44039106369
356 2372.30424785614
357 2378.2532958984375
358 2384.778507709503
359 2391.131227016449
360 2398.0816221237183
361 2403.757576942444
362 2409.5378839969635
363 2415.9220468997955
364 2421.7487177848816
365 2427.825847864151
366 2433.6456310749054
367 2439.641855955124
368 2445.664270877838
369 2452.1224188804626
370 2458.170625925064
371 2463.8278670310974
372 2469.58597779274
373 2476.276909828186
374 2482.311949968338
375 2488.8809309005737
376 2495.3376898765564
377 2501.7698760032654
378 2507.4127929210663
379 2513.402955055237
380 2520.3612139225006
381 2526.2544310092926
382 2532.1872498989105
383 2537.982135772705
384 2543.6951797008514
385 2549.3177649974823
386 2555.291872024536
387 2561.0721909999847
388 2566.631950855255
389 2571.9572739601135
390 2577.9180698394775
391 2583.6600749492645
392 2589.4165167808533
393 2595.581707715988
394 2601.6986677646637
395 2607.6930799484253
396 2613.337380886078
397 2620.4772770404816
398 2626.600816011429
399 2632.130635738373
400 2638.236503839493
401 2644.2719848155975
402 2650.2715978622437
403 2655.767877817154
404 2662.0980789661407
405 2668.052431821823
406 2674.2187259197235
407 2680.214059114456
408 2685.596364736557
409 2691.893645763397
410 2697.828649044037
411 2704.1815598011017
412 2709.6426248550415
413 2715.204808950424
414 2720.533633708954
415 2726.5644748210907
416 2732.4646558761597
417 2738.5709838867188
418 2745.373234987259
419 2751.7444167137146
420 2757.827863931656
421 2763.506269931793
422 2769.1667108535767
423 2775.129985809326
424 2781.3165259361267
425 2787.5369980335236
426 2793.33669090271
427 2799.092153787613
428 2805.040377855301
429 2811.0403978824615
430 2817.2526190280914
431 2823.120088815689
432 2828.9973981380463
433 2835.305969953537
434 2841.7346477508545
435 2848.6026618480682
436 2854.747205018997
437 2861.0277049541473
438 2866.6779778003693
439 2872.999478816986
440 2879.402218103409
441 2885.1601870059967
442 2891.3237159252167
443 2897.1806778907776
444 2903.7052199840546
445 2910.067554950714
446 2916.203160762787
447 2922.4612488746643
448 2927.9627578258514
449 2933.503401041031
450 2939.175288915634
451 2945.010993003845
452 2952.2459049224854
453 2958.025955915451
454 2964.0435359477997
455 2970.2175319194794
456 2976.16295003891
457 2982.1405057907104
458 2989.9850599765778
459 2996.32705283165
460 3002.220837831497
461 3008.3562848567963
462 3014.7045347690582
463 3020.18128991127
464 3026.074390888214
465 3031.9738669395447
466 3037.675768852234
467 3043.5497858524323
468 3049.725061893463
469 3055.6643867492676
470 3061.42760682106
471 3066.9663619995117
472 3072.8409717082977
473 3078.852937936783
474 3085.9727289676666
475 3091.8026130199432
476 3097.540951728821
477 3102.81614279747
478 3108.8066239356995
479 3114.9259748458862
480 3121.286460876465
481 3127.5391368865967
482 3134.1796700954437
483 3140.886467933655
484 3146.492630004883
485 3152.09347987175
486 3158.1392908096313
487 3163.3163521289825
488 3169.2367539405823
489 3175.230150938034
490 3181.3708460330963
491 3186.8451290130615
492 3192.6146750450134
493 3198.377373933792
494 3204.94194483757
495 3210.5778410434723
496 3217.0877928733826
497 3223.0726070404053
498 3228.982731819153
499 3234.814096927643
500 3240.167450904846
501 3246.138242959976
502 3251.836485862732
503 3257.432077884674
504 3263.6540780067444
505 3269.1992058753967
506 3274.34423995018
507 3280.0212581157684
508 3284.998753786087
509 3290.660919904709
510 3296.8430349826813
511 3302.6693210601807
512 3310.0605669021606
513 3315.4961969852448
514 3321.0193617343903
515 3327.0665760040283
516 3332.674434900284
517 3338.021517753601
518 3343.4813148975372
519 3349.013351917267
520 3354.74125790596
521 3360.3467099666595
522 3366.2427887916565
523 3371.76478600502
524 3377.4095108509064
525 3382.949338912964
526 3389.925019979477
527 3395.8413751125336
528 3401.6724870204926
529 3408.798157930374
530 3416.0289249420166
531 3421.710637807846
532 3427.951539993286
533 3434.0601029396057
534 3440.21604681015
535 3446.5361499786377
536 3452.2439529895782
537 3457.812232017517
538 3463.9614527225494
539 3469.515016078949
540 3475.020260810852
541 3480.5193948745728
542 3486.281926870346
543 3491.1775629520416
544 3496.525393009186
545 3502.266688108444
546 3507.9456820487976
547 3513.594727039337
548 3519.345524072647
549 3525.0537478923798
550 3530.5699079036713
551 3537.9610917568207
552 3543.9047408103943
553 3548.908183813095
554 3555.3831350803375
555 3561.0808629989624
556 3566.6721019744873
557 3572.5866129398346
558 3578.1158769130707
559 3583.9057240486145
560 3589.5610897541046
561 3595.3841507434845
562 3602.886729955673
563 3610.6669628620148
564 3616.187929868698
565 3621.7620198726654
566 3628.4244408607483
567 3635.26566696167
568 3641.6523218154907
569 3647.229547739029
570 3653.0314660072327
571 3658.68248295784
572 3664.2557928562164
573 3669.7922530174255
574 3676.5792129039764
575 3682.3757519721985
576 3689.2547109127045
577 3696.1529819965363
578 3701.562170982361
579 3708.233911752701
580 3714.1306269168854
581 3720.3072028160095
582 3725.7492439746857
583 3731.5939638614655
584 3737.331072807312
585 3742.5702509880066
586 3748.2572939395905
587 3753.5316519737244
588 3759.1364109516144
589 3764.8395919799805
590 3770.2135450839996
591 3776.0349338054657
592 3781.371922016144
593 3786.5010697841644
594 3792.6486468315125
595 3800.9209990501404
596 3807.8098208904266
597 3814.801800966263
598 3820.3447890281677
599 3825.93150806427
600 3831.7218368053436
601 3838.404726743698
602 3844.030539751053
603 3849.8328337669373
604 3855.5389688014984
605 3861.3949069976807
606 3866.8690190315247
607 3872.458816051483
608 3878.123515844345
609 3883.6530277729034
610 3889.236973762512
611 3895.034959793091
612 3900.6737711429596
613 3906.8489937782288
614 3913.87127494812
615 3921.5993328094482
616 3927.634421110153
617 3934.1848731040955
618 3941.3634419441223
619 3949.067158937454
620 3954.7027299404144
621 3960.4060637950897
622 3966.095895767212
623 3971.8020849227905
624 3977.242850780487
625 3983.012388944626
626 3988.6838080883026
627 3994.2888820171356
628 3999.8370740413666
629 4005.510517835617
630 4010.9706897735596
631 4016.7495110034943
632 4022.416401863098
633 4028.035924911499
634 4033.675411939621
635 4039.065461874008
636 4044.781998872757
637 4050.180552005768
638 4055.5256159305573
639 4061.1753327846527
640 4065.3716480731964
641 4069.1562247276306
642 4073.053530931473
643 4077.234488964081
644 4081.336251974106
645 4085.011170864105
646 4088.971731901169
647 4092.9122457504272
648 4096.870405912399
649 4100.565439939499
650 4104.285546064377
651 4108.0497398376465
652 4111.842139005661
653 4115.49084186554
654 4119.4586799144745
655 4123.699146986008
656 4127.8263618946075
657 4131.797385931015
658 4135.76556801796
659 4139.382107019424
660 4143.221519947052
661 4146.951122999191
662 4150.749667882919
663 4154.416576862335
664 4158.082352876663
665 4161.945997953415
666 4165.985632896423
667 4169.834667921066
668 4173.689263820648
669 4177.8013598918915
670 4181.726154088974
671 4185.332964897156
672 4189.237792730331
673 4193.025644779205
674 4196.8112959861755
675 4200.698179960251
676 4204.747632980347
677 4208.812794923782
678 4212.575094938278
679 4216.239440917969
680 4219.884279727936
681 4223.894471883774
682 4227.741273880005
683 4231.804184913635
684 4235.591823816299
685 4239.380399942398
686 4243.171968698502
687 4247.262890100479
688 4251.061244010925
689 4254.938295841217
690 4258.492657899857
691 4262.573485851288
692 4266.387187004089
693 4270.3570997715
694 4274.221575021744
695 4277.879785060883
696 4281.722475767136
697 4285.54505610466
698 4289.225628852844
699 4293.085793733597
700 4296.635303974152
701 4300.345683097839
702 4304.390803098679
703 4308.438318967819
704 4312.474807739258
705 4316.403271913528
706 4320.219565868378
707 4324.009239912033
708 4328.041662931442
709 4331.655264139175
710 4335.226300001144
711 4339.1003959178925
712 4342.411286115646
713 4346.158931016922
714 4349.869717121124
715 4353.802067995071
716 4357.612587928772
717 4361.193144798279
718 4365.0435338020325
719 4368.837671995163
720 4372.850443124771
721 4376.857089757919
722 4380.640282869339
723 4384.304245710373
724 4387.984578847885
725 4391.875827074051
726 4395.504608154297
727 4399.501478910446
728 4403.216279745102
729 4406.984359025955
730 4410.206474065781
731 4413.757427930832
732 4417.42734503746
733 4421.17199587822
734 4424.8622460365295
735 4428.684912919998
736 4432.395041942596
737 4436.169567108154
738 4439.985467910767
739 4443.425687789917
740 4447.241750717163
741 4450.997549772263
742 4454.596414089203
743 4458.582356929779
744 4462.212385892868
745 4466.146358728409
746 4469.848145008087
747 4473.716497898102
748 4477.2392320632935
749 4480.777460098267
750 4484.494614124298
751 4488.13960981369
752 4491.6419558525085
753 4495.3406438827515
754 4498.923522949219
755 4502.43767786026
756 4506.148589849472
757 4509.9683310985565
758 4513.5541479587555
759 4517.3074560165405
760 4520.96299290657
761 4524.349003076553
762 4527.559893131256
763 4531.227908849716
764 4534.955627918243
765 4538.581271886826
766 4542.337377786636
767 4545.781949043274
768 4549.386391878128
769 4552.979710102081
770 4556.259531021118
771 4559.7828760147095
772 4563.255795955658
773 4566.717678785324
774 4570.118617773056
775 4573.579637765884
776 4576.968174934387
777 4580.546908855438
778 4584.276829957962
779 4587.933043003082
780 4591.353736877441
781 4594.849123954773
782 4598.164412021637
783 4601.979092121124
784 4605.482676029205
785 4609.266443729401
786 4613.063911914825
787 4616.796190023422
788 4620.436518907547
789 4623.9021100997925
790 4627.387574911118
791 4631.007478713989
792 4634.69473695755
793 4638.267030715942
794 4641.786145925522
795 4645.167705774307
796 4648.946202993393
797 4652.1955399513245
798 4655.6423869133
799 4659.134507894516
800 4662.690648794174
801 4666.50049495697
802 4670.0005877017975
803 4673.660299062729
804 4677.079513788223
805 4680.439181804657
806 4684.5109169483185
807 4688.032912969589
808 4691.405030965805
809 4695.0897397994995
810 4698.577190876007
811 4702.251076936722
812 4705.844837903976
813 4709.347707033157
814 4712.9760110378265
815 4716.5604519844055
816 4720.170424938202
817 4723.769634962082
818 4727.15802192688
819 4730.593263864517
820 4734.192448854446
821 4737.467242002487
822 4740.520442008972
823 4743.931375980377
824 4747.385772943497
825 4750.766443729401
826 4754.060445070267
827 4757.157356739044
828 4760.550117969513
829 4763.951536893845
830 4767.662145853043
831 4770.750202894211
832 4773.861195087433
833 4777.247573137283
834 4780.526054859161
835 4783.9779920578
836 4787.124969959259
837 4790.3077981472015
838 4793.904536962509
839 4797.261689901352
840 4800.5875380039215
841 4803.987377882004
842 4807.650134086609
843 4810.872338056564
844 4814.24959397316
845 4817.289257049561
846 4820.52853679657
847 4823.756191968918
848 4826.769526720047
849 4830.329081773758
850 4833.4395117759705
851 4837.086432695389
852 4840.244039058685
853 4843.921204090118
854 4847.320238828659
855 4850.944864749908
856 4854.323990106583
857 4857.654518842697
858 4861.28838300705
859 4864.864125013351
860 4868.184073925018
861 4871.619171857834
862 4875.110592126846
863 4878.960224151611
864 4882.496997833252
865 4885.771476984024
866 4889.299365997314
867 4892.767473936081
868 4896.608232021332
869 4899.901937007904
870 4903.241537809372
871 4906.724661111832
872 4910.079560995102
873 4913.810478925705
874 4917.702507734299
875 4920.911824941635
876 4924.370229005814
877 4927.539495944977
878 4930.968426942825
879 4934.3473398685455
880 4937.167592048645
881 4940.099031925201
882 4943.647791862488
883 4946.9896857738495
884 4950.284668922424
885 4953.448994874954
886 4956.84462594986
887 4960.183588981628
888 4963.550949811935
889 4966.837071895599
890 4970.193542003632
891 4973.814359903336
892 4976.860084056854
893 4980.271173000336
894 4983.614922046661
895 4986.701493740082
896 4989.958112716675
897 4993.170475721359
898 4996.375456809998
899 4999.524571895599
900 5002.85014295578
901 5006.300088882446
902 5009.583060979843
903 5012.393239736557
904 5015.647469758987
905 5019.462062835693
906 5022.427284955978
907 5025.650272846222
908 5029.205168008804
909 5032.277215957642
910 5035.361845731735
911 5038.483227968216
912 5041.984318971634
913 5045.171840906143
914 5048.339099884033
915 5051.721497774124
916 5054.833482980728
917 5057.782652854919
918 5060.975527048111
919 5064.1383509635925
920 5067.002883911133
921 5070.212574958801
922 5073.466120004654
923 5076.546275854111
924 5079.668838024139
925 5082.848888874054
926 5085.763377904892
927 5089.106986999512
928 5092.478874921799
929 5095.694677114487
930 5098.755121946335
931 5102.199920892715
932 5105.344750881195
933 5108.447105884552
934 5111.868229866028
935 5115.060213804245
936 5118.2458319664
937 5121.675061702728
938 5124.9454617500305
939 5127.978656768799
940 5131.37238407135
941 5134.289559841156
942 5137.784002780914
943 5140.760558843613
944 5144.052896738052
945 5147.406404972076
946 5150.397248744965
947 5153.449740886688
948 5156.763029098511
949 5159.670979976654
950 5162.850739002228
951 5166.170548915863
952 5169.313773870468
953 5172.459661960602
954 5175.743484020233
955 5178.894077062607
956 5182.1428809165955
957 5185.300290822983
958 5188.712981939316
959 5191.879893064499
960 5195.300495862961
961 5198.52880692482
962 5201.920222043991
963 5205.301547050476
964 5208.532319068909
965 5211.998033046722
966 5214.931916952133
967 5218.097728013992
968 5221.5301859378815
969 5224.544221878052
970 5228.840322732925
971 5232.248913049698
972 5234.923388957977
973 5238.199266910553
974 5241.489192008972
975 5244.701881885529
976 5248.171885967255
977 5251.097976922989
978 5254.058805704117
979 5257.441355705261
980 5260.730761051178
981 5264.467726945877
982 5267.292892932892
983 5270.844372987747
984 5274.14285492897
985 5277.353224039078
986 5280.790458917618
987 5283.949815750122
988 5287.0279450416565
989 5290.114457845688
990 5293.461843967438
991 5296.695439815521
992 5299.933757066727
993 5303.110079050064
994 5306.475208997726
995 5309.510730981827
996 5312.660173892975
997 5315.64994096756
998 5318.701641082764
999 5321.834614753723
1000 5325.016326904297
1001 5328.285818815231
1002 5331.541435003281
1003 5334.740715742111
1004 5337.872869968414
1005 5341.045774936676
1006 5344.120459079742
1007 5347.2228128910065
1008 5350.391810894012
1009 5353.772840976715
1010 5356.99550485611
1011 5360.054836034775
1012 5363.209942817688
1013 5366.395052909851
1014 5369.651359081268
1015 5373.096854925156
1016 5376.361800909042
1017 5379.771187067032
1018 5383.143430948257
1019 5386.551362752914
1020 5389.622003078461
1021 5392.903659105301
1022 5396.116236925125
1023 5399.231562137604
1024 5403.036725759506
1025 5406.006296873093
1026 5408.977433919907
1027 5411.834139823914
1028 5414.5402908325195
1029 5417.517164945602
1030 5420.387903928757
1031 5423.18389415741
1032 5426.21833896637
1033 5429.047017097473
1034 5432.181275844574
1035 5435.048503875732
1036 5438.312882900238
1037 5441.471051692963
1038 5444.5940618515015
1039 5447.393549919128
1040 5450.643940925598
1041 5453.944005012512
1042 5456.955718040466
1043 5459.6344928741455
1044 5462.568293809891
1045 5465.374570131302
1046 5468.1940178871155
1047 5471.3863570690155
1048 5474.670042991638
1049 5479.83118391037
1050 5482.88537979126
1051 5485.630222797394
1052 5488.330430030823
1053 5491.331826925278
1054 5494.469306945801
1055 5497.556479930878
1056 5500.508081912994
1057 5503.75473690033
1058 5506.838400840759
1059 5509.433292865753
1060 5512.587722063065
1061 5515.639974832535
1062 5518.4655067920685
1063 5521.284569978714
1064 5524.031768798828
1065 5526.811470985413
1066 5529.779442071915
1067 5532.424937009811
1068 5535.235486984253
1069 5538.31094789505
1070 5541.655522823334
1071 5544.5781037807465
1072 5547.885789871216
1073 5550.568726062775
1074 5553.417865037918
1075 5556.355851888657
1076 5559.141775846481
1077 5562.175439834595
1078 5565.295333862305
1079 5568.18518781662
1080 5571.24107503891
1081 5574.172681093216
1082 5577.090360879898
1083 5579.878670930862
1084 5582.917021036148
1085 5585.870677947998
1086 5588.8838448524475
1087 5591.756885051727
1088 5594.823148727417
1089 5597.568732023239
1090 5600.41459274292
1091 5603.296474933624
1092 5606.307842969894
1093 5609.209300041199
1094 5611.994037866592
1095 5615.02349281311
1096 5618.018658876419
1097 5620.976505994797
1098 5623.740622997284
1099 5626.663188934326
1100 5629.199280023575
1101 5632.0297338962555
1102 5635.003332853317
1103 5637.834435939789
1104 5640.339787721634
1105 5643.050097942352
1106 5645.979296922684
1107 5648.611352920532
1108 5651.479168891907
1109 5654.382951974869
1110 5657.385384082794
1111 5660.388043880463
1112 5663.058249950409
1113 5666.124726772308
1114 5669.1279628276825
1115 5671.813719749451
1116 5674.426401853561
1117 5677.228225946426
1118 5680.057666778564
1119 5682.7453899383545
1120 5685.390558004379
1121 5688.209473848343
1122 5691.119410991669
1123 5693.832020044327
1124 5696.914701938629
1125 5699.587242126465
1126 5702.279402017593
1127 5705.1732387542725
1128 5707.9732670784
1129 5710.797388792038
1130 5713.665969848633
1131 5716.376570940018
1132 5719.006256818771
1133 5721.83703994751
1134 5724.441768884659
1135 5727.150733947754
1136 5730.001169919968
1137 5732.898033857346
1138 5735.719740867615
1139 5738.201236009598
1140 5740.827971935272
1141 5743.674365997314
1142 5746.606676101685
1143 5749.6028089523315
1144 5752.3067989349365
1145 5755.253194093704
1146 5757.944226741791
1147 5760.575603961945
1148 5763.309928894043
1149 5766.241894006729
1150 5768.910475730896
1151 5771.797049999237
1152 5774.792545795441
1153 5777.497013807297
1154 5780.126048088074
1155 5782.793280124664
1156 5785.581713914871
1157 5788.422927856445
1158 5790.918082952499
1159 5793.793293952942
1160 5796.411291837692
1161 5799.102358818054
1162 5801.681579828262
1163 5804.3415451049805
1164 5807.213495731354
1165 5810.227123975754
1166 5813.340359926224
1167 5816.311844825745
1168 5819.178031921387
1169 5822.181440830231
1170 5824.706019878387
1171 5827.370599985123
1172 5830.33277797699
1173 5832.9319179058075
1174 5835.560631752014
1175 5838.067854881287
1176 5841.034853935242
1177 5843.909926891327
1178 5846.492666959763
1179 5849.100507974625
1180 5851.847368955612
1181 5854.817435979843
1182 5857.716152906418
1183 5860.17791891098
1184 5862.958627939224
1185 5865.577543020248
1186 5868.23318195343
1187 5871.087337970734
1188 5873.876768827438
1189 5876.577789068222
1190 5879.073175907135
1191 5883.860164880753
1192 5886.263928890228
1193 5888.662988901138
1194 5891.2276067733765
1195 5893.858231782913
1196 5896.715523958206
1197 5900.435521841049
1198 5903.215220928192
1199 5905.615840911865
1200 5908.1007471084595
1201 5910.971289873123
1202 5913.495684862137
1203 5916.035062789917
1204 5918.973203897476
1205 5921.653365850449
1206 5924.170866966248
1207 5926.591889858246
1208 5929.1789457798
1209 5932.405762910843
1210 5935.103446006775
1211 5937.4970099925995
1212 5939.93533706665
1213 5942.856598854065
1214 5945.365714073181
1215 5947.750462055206
1216 5950.400614023209
1217 5952.981564998627
1218 5955.504495859146
1219 5958.135865926743
1220 5960.609974861145
1221 5963.203700065613
1222 5965.682585954666
1223 5968.157618999481
1224 5970.627279996872
1225 5973.053817987442
1226 5975.4421129226685
1227 5977.952210903168
1228 5980.436675786972
1229 5982.990355014801
1230 5985.579041719437
1231 5987.863168716431
1232 5990.318675994873
1233 5992.766187906265
1234 5995.594418048859
1235 5998.0429220199585
1236 6000.7459008693695
1237 6003.307630777359
1238 6005.715272903442
1239 6008.125087022781
1240 6010.611316919327
1241 6013.039744138718
1242 6015.492031097412
1243 6017.939687013626
1244 6020.535631895065
1245 6022.818038702011
1246 6025.559206008911
1247 6027.967388868332
1248 6030.374763727188
1249 6032.769845724106
1250 6035.368208885193
1251 6037.689633846283
1252 6040.147162914276
1253 6042.444957971573
1254 6044.644284963608
1255 6047.254457950592
1256 6049.721762895584
1257 6052.532513856888
1258 6054.976440906525
1259 6058.089395046234
1260 6060.546507835388
1261 6062.766429901123
1262 6065.059762954712
1263 6067.476913928986
1264 6069.982079982758
1265 6072.478849887848
1266 6075.0659968853
1267 6077.475605964661
1268 6080.2531678676605
1269 6082.756059885025
1270 6085.130262136459
1271 6087.780249834061
1272 6090.143195867538
1273 6092.473131895065
1274 6094.705786943436
1275 6096.9663100242615
1276 6099.338064908981
1277 6101.803824901581
1278 6104.374552965164
1279 6107.323372840881
1280 6109.663996934891
1281 6112.117632865906
1282 6114.37171792984
1283 6116.798206090927
1284 6119.057528972626
1285 6121.375355005264
1286 6124.06155872345
1287 6126.536363124847
1288 6128.838131904602
1289 6131.14373588562
1290 6133.4337837696075
1291 6135.759747982025
1292 6138.099934101105
1293 6140.394526958466
1294 6142.696984767914
1295 6144.94203710556
1296 6147.18045091629
1297 6149.768540859222
1298 6152.06513094902
1299 6154.296310901642
1300 6156.724553108215
1301 6159.504069805145
1302 6161.8527047634125
1303 6164.168697834015
1304 6166.513013839722
1305 6168.752487897873
1306 6171.274267911911
1307 6173.745904922485
1308 6176.175869941711
1309 6178.49009180069
1310 6180.836543083191
1311 6183.263195991516
1312 6186.02232670784
1313 6188.598411083221
1314 6190.939230918884
1315 6193.243488788605
1316 6196.204448699951
1317 6198.943343877792
1318 6201.376837015152
1319 6203.750472068787
1320 6206.10449886322
1321 6208.4026210308075
1322 6210.733695030212
1323 6213.28004693985
1324 6215.614300966263
1325 6217.7932097911835
1326 6220.331285953522
1327 6222.806959867477
1328 6225.2256689071655
1329 6227.636106014252
1330 6229.914790868759
1331 6232.201847791672
1332 6234.578173875809
1333 6236.9895260334015
1334 6239.883197069168
1335 6242.126208782196
1336 6244.334552764893
1337 6246.7368149757385
1338 6248.932564020157
1339 6251.29416680336
1340 6253.495788812637
1341 6256.084698915482
1342 6258.61244392395
1343 6261.354860782623
1344 6263.515360116959
1345 6265.734892845154
1346 6267.891664981842
1347 6270.324455022812
1348 6272.662958860397
1349 6275.125596046448
1350 6277.635429859161
1351 6279.983393907547
1352 6282.3441281318665
1353 6284.627968788147
1354 6286.923520088196
1355 6289.26322388649
1356 6291.544110774994
1357 6294.277398824692
1358 6297.195168018341
1359 6299.556560993195
1360 6301.792875766754
1361 6304.360859870911
1362 6306.599278926849
1363 6308.91574883461
1364 6311.206640958786
1365 6313.571240901947
1366 6316.126316785812
1367 6318.331212759018
1368 6320.692934989929
1369 6322.965855121613
1370 6325.490740060806
1371 6327.79218006134
1372 6330.045316934586
1373 6332.321497917175
1374 6334.593588113785
1375 6337.189687728882
1376 6339.330741882324
1377 6342.182832956314
1378 6344.877158880234
1379 6347.179723024368
1380 6349.419798851013
1381 6351.851572036743
1382 6354.178037881851
1383 6356.826966047287
1384 6358.879282951355
1385 6361.1483409404755
1386 6363.399432897568
1387 6365.784297943115
1388 6368.102397918701
1389 6370.524741888046
1390 6372.850481033325
1391 6374.994109869003
1392 6377.142774820328
1393 6379.37655878067
1394 6381.774784088135
1395 6384.162535905838
1396 6386.373998880386
1397 6388.661426067352
1398 6391.370600938797
1399 6393.565306901932
1400 6395.899031877518
1401 6398.27041387558
1402 6400.552211999893
1403 6403.13684797287
1404 6405.330174922943
1405 6407.549601793289
1406 6409.976594924927
1407 6412.196411848068
1408 6414.347332954407
1409 6417.167663812637
1410 6419.647011756897
1411 6421.961333036423
1412 6424.369642972946
1413 6426.921450138092
1414 6429.354625940323
1415 6431.697874069214
1416 6433.92764878273
1417 6436.072059869766
1418 6438.204486846924
1419 6440.368192911148
1420 6442.5070168972015
1421 6444.664618968964
1422 6446.873162984848
1423 6449.054651021957
1424 6451.30180311203
1425 6453.465682029724
1426 6455.500277042389
1427 6457.573451042175
1428 6459.72093296051
1429 6461.920350074768
1430 6464.073131799698
1431 6466.164186954498
1432 6468.295559883118
1433 6470.306694984436
1434 6472.488163948059
1435 6474.63763999939
1436 6477.025388717651
1437 6479.393102884293
1438 6481.568284988403
1439 6483.807949781418
1440 6486.18421292305
1441 6488.442925930023
1442 6490.745834112167
1443 6492.914009809494
1444 6495.410650968552
1445 6497.5272128582
1446 6499.663604021072
1447 6501.905273914337
1448 6504.055552721024
1449 6506.103726863861
1450 6508.307602882385
1451 6510.472435951233
1452 6512.834759950638
1453 6514.992824792862
1454 6516.983592033386
1455 6519.046675920486
1456 6521.587606906891
1457 6523.957772731781
1458 6526.597911834717
1459 6528.969650030136
1460 6531.10391497612
1461 6533.156817913055
1462 6535.2785539627075
1463 6537.343189954758
1464 6539.527438879013
1465 6541.658252954483
1466 6543.716295957565
1467 6545.831624031067
1468 6547.960033893585
1469 6550.384444952011
1470 6552.481843948364
1471 6554.6565017700195
1472 6556.708589792252
1473 6558.796860933304
1474 6561.1117169857025
1475 6563.335983991623
1476 6565.428270816803
1477 6567.645941019058
1478 6570.121011018753
1479 6572.300467014313
1480 6574.453351974487
1481 6576.551465034485
1482 6578.8836488723755
1483 6581.596161842346
1484 6583.933956861496
1485 6586.107055902481
1486 6588.299124002457
1487 6590.448127985001
1488 6593.219110012054
1489 6595.428462982178
1490 6597.613977909088
1491 6600.144558906555
1492 6602.261692047119
1493 6604.474540948868
1494 6606.680093050003
1495 6608.91743183136
1496 6611.135035991669
1497 6613.625232934952
1498 6615.844259977341
1499 6617.864683151245
1500 6620.101155757904
1501 6622.408847808838
1502 6624.486526012421
1503 6626.660625934601
1504 6628.799398899078
1505 6630.908714056015
1506 6632.9638957977295
1507 6635.517612934113
1508 6637.776356935501
1509 6639.929672956467
1510 6642.069135904312
1511 6644.153262853622
1512 6646.328527927399
1513 6648.432660102844
1514 6650.9709668159485
1515 6653.121305942535
1516 6655.28080701828
1517 6657.366590023041
1518 6659.465497970581
1519 6661.539385795593
1520 6663.780463933945
1521 6666.142698049545
1522 6668.231868028641
1523 6670.668558835983
1524 6672.927700042725
1525 6675.011435747147
1526 6677.428229808807
1527 6679.705518960953
1528 6681.991753101349
1529 6684.700535774231
1530 6686.8392589092255
1531 6689.09218287468
1532 6691.161601781845
1533 6693.201920747757
1534 6695.275231122971
1535 6697.430488824844
1536 6699.66299200058
1537 6701.879148721695
1538 6704.129236936569
1539 6706.4885358810425
1540 6708.9861369133
1541 6711.2212970256805
1542 6713.5560557842255
1543 6715.780336856842
1544 6718.005384922028
1545 6720.111526012421
1546 6722.942132949829
1547 6725.149240970612
1548 6727.589375972748
1549 6729.828593015671
1550 6731.982951879501
1551 6734.640375852585
1552 6736.758765935898
1553 6738.926265954971
1554 6741.223942995071
1555 6743.436538934708
1556 6745.62765288353
1557 6747.775243759155
1558 6750.295214891434
1559 6752.387097835541
1560 6754.4900958538055
1561 6756.693556070328
1562 6758.821304798126
1563 6760.904242992401
1564 6763.01727604866
1565 6765.310828924179
1566 6767.479450941086
1567 6769.6966280937195
1568 6772.151736974716
1569 6774.328348875046
1570 6776.509784936905
1571 6778.654657840729
1572 6780.86630988121
1573 6783.556411027908
1574 6785.629523992538
1575 6787.718478918076
1576 6789.987066984177
1577 6792.572615861893
1578 6794.818720817566
1579 6796.930452108383
1580 6799.127299785614
1581 6801.311617851257
1582 6803.360727787018
1583 6805.98388004303
1584 6808.148588895798
1585 6810.206027746201
1586 6812.834585905075
1587 6815.111959934235
1588 6817.734049797058
1589 6819.913800001144
1590 6822.333909034729
1591 6824.441931724548
1592 6826.775604009628
1593 6828.98916888237
1594 6831.283509731293
1595 6833.33589887619
1596 6835.75935792923
1597 6837.943909883499
1598 6840.010619878769
1599 6842.619046926498
1600 6844.828696966171
1601 6846.957489967346
1602 6849.0765969753265
1603 6851.2308847904205
1604 6853.360380887985
1605 6855.4912259578705
1606 6857.669627904892
1607 6859.861739873886
1608 6862.068511009216
1609 6864.453379869461
1610 6866.478806018829
1611 6868.940782785416
1612 6871.047884941101
1613 6873.129663944244
1614 6875.273389816284
1615 6877.4832327365875
1616 6879.57494187355
1617 6881.704432964325
1618 6883.813515901566
1619 6885.976374864578
1620 6888.066566944122
1621 6890.260607004166
1622 6892.333123922348
1623 6894.385115861893
1624 6896.4489459991455
1625 6898.519602060318
1626 6900.587058067322
1627 6902.70308303833
1628 6904.774528026581
1629 6907.096679925919
1630 6909.112972736359
1631 6911.309270858765
1632 6913.509840965271
1633 6915.69899392128
1634 6917.744607925415
1635 6919.81965970993
1636 6922.088989973068
1637 6924.2043879032135
1638 6926.267543792725
1639 6928.398160934448
1640 6930.513743877411
1641 6932.678226947784
1642 6935.155816078186
1643 6937.225162029266
1644 6939.281803846359
1645 6941.328635931015
1646 6943.520169019699
1647 6945.6406190395355
1648 6947.763620853424
1649 6950.177855014801
1650 6952.212207794189
1651 6955.072488069534
1652 6957.315895795822
1653 6959.696841001511
1654 6961.9742958545685
1655 6963.976701974869
1656 6966.017446041107
1657 6967.995414018631
1658 6970.082443714142
1659 6972.229396104813
1660 6974.27855014801
1661 6976.289006948471
1662 6978.264065742493
1663 6980.335951805115
1664 6982.600245714188
1665 6984.556943893433
1666 6986.723273038864
1667 6989.012392997742
1668 6991.202219724655
1669 6993.240753889084
1670 6995.498545885086
1671 6997.506299972534
1672 6999.652558803558
1673 7001.6974930763245
1674 7003.752243041992
1675 7005.691622972488
1676 7007.734645843506
1677 7009.725465774536
1678 7011.7820110321045
1679 7013.824238777161
1680 7015.836248874664
1681 7018.133568763733
1682 7020.168043851852
1683 7022.093194961548
1684 7024.083723068237
1685 7026.107110977173
1686 7028.374436855316
1687 7030.314147949219
1688 7032.421183109283
1689 7034.470976829529
1690 7036.439153909683
1691 7038.638711929321
1692 7040.874346971512
1693 7043.576127052307
1694 7045.598628997803
1695 7047.7338399887085
1696 7049.865542888641
1697 7052.007910013199
1698 7054.04372882843
1699 7056.135551929474
1700 7058.165412902832
1701 7060.165824890137
1702 7062.219120979309
1703 7064.317049980164
1704 7066.41287779808
1705 7068.629630088806
1706 7070.817568063736
1707 7072.836835861206
1708 7075.094725847244
1709 7077.232047796249
1710 7079.208173751831
1711 7081.470376968384
1712 7083.411386966705
1713 7085.742553949356
1714 7087.870286941528
1715 7090.318557024002
1716 7092.4498817920685
1717 7094.39325094223
1718 7096.417922735214
1719 7098.367037057877
1720 7100.364934921265
1721 7102.363137722015
1722 7104.503076791763
1723 7106.613255023956
1724 7108.7161338329315
1725 7110.828785896301
1726 7112.952362060547
1727 7115.035957098007
1728 7117.342948913574
1729 7119.610424757004
1730 7121.5820569992065
1731 7123.766175031662
1732 7125.859979867935
1733 7127.83523273468
1734 7129.8695249557495
1735 7132.201662063599
1736 7134.25913977623
1737 7136.441597938538
1738 7138.479695796967
1739 7140.484292984009
1740 7142.505327939987
1741 7144.4629509449005
1742 7146.61248588562
1743 7148.575944900513
1744 7150.566168785095
1745 7152.538443803787
1746 7154.599789857864
1747 7156.667517900467
1748 7159.312795877457
1749 7161.556438922882
1750 7163.639113903046
1751 7165.730977773666
1752 7167.971304893494
1753 7170.091488838196
1754 7172.26042509079
1755 7174.281037807465
1756 7176.4050188064575
1757 7178.410683870316
1758 7180.450060844421
1759 7182.4414138793945
1760 7184.495532751083
1761 7186.4131190776825
1762 7188.478368759155
1763 7190.633640050888
1764 7192.881156921387
1765 7194.968406915665
1766 7197.343368053436
1767 7199.332576036453
1768 7201.389251947403
1769 7203.406550884247
1770 7205.420202970505
1771 7208.094005823135
1772 7210.048462867737
1773 7212.065088033676
1774 7214.101198911667
1775 7216.177472114563
1776 7218.208771944046
1777 7220.283811807632
1778 7222.300408840179
1779 7224.824487924576
1780 7227.615797042847
1781 7229.512199878693
1782 7231.981340885162
1783 7233.960121870041
1784 7235.985648870468
1785 7237.900756120682
1786 7239.886774778366
1787 7241.966146945953
1788 7243.8944799900055
1789 7246.476587057114
1790 7248.70659995079
1791 7250.724235057831
1792 7252.744140863419
1793 7254.6480548381805
1794 7256.77277970314
1795 7258.864044904709
1796 7260.965907096863
1797 7263.599828004837
1798 7265.603173971176
1799 7267.670351982117
1800 7269.681068897247
1801 7271.676608085632
1802 7273.609666824341
1803 7275.591553926468
1804 7277.518411874771
1805 7279.572232961655
1806 7281.573402881622
1807 7283.632790088654
1808 7285.643107891083
1809 7287.873828887939
1810 7290.470016717911
1811 7292.390112876892
1812 7294.33956694603
1813 7296.3106009960175
1814 7298.305296897888
1815 7300.41220998764
1816 7302.488429784775
1817 7304.429003000259
1818 7306.394026041031
1819 7308.355437755585
1820 7310.285976886749
1821 7312.350214004517
1822 7314.392452955246
1823 7316.342257976532
1824 7318.247186899185
1825 7320.3878490924835
1826 7322.3104128837585
1827 7324.22829079628
1828 7326.200176954269
1829 7328.165527820587
1830 7330.174736022949
1831 7332.06286072731
1832 7333.960649013519
1833 7335.909216880798
1834 7337.8930649757385
1835 7339.7954268455505
1836 7341.781536817551
1837 7343.837093830109
1838 7345.95361495018
1839 7347.949338912964
1840 7349.916730880737
1841 7352.311649799347
1842 7354.313552856445
1843 7356.470123767853
1844 7358.481772899628
1845 7360.434038877487
1846 7362.44585609436
1847 7364.391031742096
1848 7366.387288808823
1849 7368.334531784058
1850 7370.314262151718
1851 7372.320120811462
1852 7374.279819726944
1853 7376.2734179496765
1854 7378.2777490615845
1855 7380.263679981232
1856 7382.204606056213
1857 7384.212424993515
1858 7386.244779109955
1859 7388.248950719833
1860 7390.263305902481
1861 7392.976548910141
1862 7394.875387907028
1863 7396.8494119644165
1864 7398.774103879929
1865 7400.837250947952
1866 7402.820650100708
1867 7404.828500032425
1868 7407.519578933716
1869 7409.610819816589
1870 7411.5433077812195
1871 7413.692262887955
1872 7415.671630859375
1873 7417.588361978531
1874 7419.549823999405
1875 7421.467947006226
1876 7423.560306072235
1877 7425.519201755524
1878 7427.430536031723
1879 7429.435990810394
1880 7431.36820101738
1881 7433.318158864975
1882 7435.34000992775
1883 7437.356765031815
1884 7439.419979095459
1885 7441.521291017532
1886 7443.414706945419
1887 7445.4044098854065
1888 7447.489046096802
1889 7449.406264781952
1890 7451.294375896454
1891 7453.335442066193
1892 7455.258722782135
1893 7457.170069932938
1894 7459.101512908936
1895 7461.183784008026
1896 7463.147271871567
1897 7465.141501903534
1898 7467.07995390892
1899 7469.034964084625
1900 7471.205985784531
1901 7473.11520075798
1902 7475.172785043716
1903 7477.086416006088
1904 7479.042244911194
1905 7481.011078834534
1906 7483.021692037582
1907 7484.952362060547
1908 7486.867646932602
1909 7488.718289852142
1910 7490.666239976883
1911 7492.634610891342
1912 7494.564838886261
1913 7496.548264980316
1914 7498.581778049469
1915 7500.513878107071
1916 7502.4321920871735
1917 7504.328872919083
1918 7506.652021884918
1919 7508.56934094429
1920 7510.573142051697
1921 7512.474263906479
1922 7514.632525920868
1923 7516.623202800751
1924 7518.584892034531
1925 7520.499169826508
1926 7522.355605125427
1927 7524.204323768616
1928 7526.162165880203
1929 7528.071340799332
1930 7529.971403837204
1931 7531.9349319934845
1932 7533.843747854233
1933 7535.766324996948
1934 7537.663801908493
1935 7539.535414934158
1936 7541.565571784973
1937 7543.492371082306
1938 7545.357270002365
1939 7547.314795732498
1940 7549.2180161476135
1941 7551.109175920486
1942 7553.319160938263
1943 7555.189791917801
1944 7557.104364871979
1945 7558.986074924469
1946 7561.067851781845
1947 7563.147132873535
1948 7565.13564991951
1949 7567.067352771759
1950 7568.964077949524
1951 7570.95085978508
1952 7573.590799808502
1953 7575.653206825256
1954 7577.583914041519
1955 7579.445183038712
1956 7581.376980066299
1957 7583.31082701683
1958 7585.272630929947
1959 7587.284949064255
1960 7589.126396894455
1961 7591.124430894852
1962 7593.048605918884
1963 7595.055406808853
1964 7597.035346984863
1965 7598.959619760513
1966 7600.880919933319
1967 7602.860267162323
1968 7605.087038993835
1969 7607.142524957657
1970 7609.149271726608
1971 7611.20418214798
1972 7613.105897903442
1973 7615.189055919647
1974 7617.2085700035095
1975 7619.0823929309845
1976 7620.927068948746
1977 7622.868299007416
1978 7624.969779968262
1979 7626.974105834961
1980 7628.983435869217
1981 7630.973312854767
1982 7632.887041807175
1983 7634.804980039597
1984 7636.729757070541
1985 7638.707803010941
1986 7640.821302890778
1987 7642.734581708908
1988 7644.722583770752
1989 7646.714733839035
1990 7649.269275903702
1991 7651.157899856567
1992 7653.1167759895325
1993 7655.0564250946045
1994 7656.847168922424
1995 7658.729213953018
1996 7661.286772966385
1997 7663.097311973572
1998 7664.882574796677
1999 7666.740906953812
2000 7668.858432769775
2001 7670.753757953644
2002 7672.571265935898
2003 7674.420882940292
2004 7676.250257015228
2005 7678.0986750125885
2006 7680.132884025574
2007 7682.054870128632
2008 7683.922167778015
2009 7685.820837974548
2010 7687.845798969269
2011 7689.884768009186
2012 7691.818997144699
2013 7693.6501388549805
2014 7695.6480939388275
2015 7697.9255158901215
2016 7699.7897028923035
2017 7701.645663022995
2018 7703.489250898361
2019 7705.303226947784
2020 7707.232579946518
2021 7709.226768016815
2022 7711.105352878571
2023 7712.988857984543
2024 7714.867902040482
2025 7716.732480764389
2026 7718.602578878403
2027 7720.685047864914
2028 7722.748579978943
2029 7725.217758893967
2030 7727.144259929657
2031 7729.0120577812195
2032 7730.91845202446
2033 7732.906684875488
2034 7734.794969797134
2035 7736.766837835312
2036 7738.646754741669
2037 7740.522508859634
2038 7742.39995098114
2039 7744.3083028793335
2040 7746.833599090576
2041 7748.718837738037
2042 7750.62920498848
2043 7752.523623943329
2044 7754.409067869186
2045 7756.318636894226
2046 7758.245050907135
2047 7760.210990905762
2048 7762.1042058467865
2049 7764.288123846054
2050 7766.1408569812775
2051 7768.73131775856
2052 7770.588822126389
2053 7773.2584619522095
2054 7775.187950849533
2055 7777.21422791481
2056 7779.084208011627
2057 7781.130287885666
2058 7782.958902835846
2059 7784.844903945923
2060 7786.748754024506
2061 7788.6223130226135
2062 7790.439332962036
2063 7792.328468084335
2064 7794.23930978775
2065 7796.053024053574
2066 7797.954701900482
2067 7799.77476477623
2068 7801.66983294487
2069 7803.581507921219
2070 7805.486361980438
2071 7807.350313901901
2072 7809.226401805878
2073 7811.34352183342
2074 7813.185821056366
2075 7815.023322820663
2076 7817.085586071014
2077 7818.944700956345
2078 7820.887094736099
2079 7822.6808841228485
2080 7824.481880903244
2081 7826.298196077347
2082 7828.241792917252
2083 7830.112613916397
2084 7831.974282979965
2085 7833.883809804916
2086 7835.72512793541
2087 7838.211758852005
2088 7840.1471428871155
2089 7842.870617866516
2090 7844.835423946381
2091 7846.813081979752
2092 7848.641312122345
2093 7850.568850040436
2094 7852.408211946487
2095 7854.23867893219
2096 7856.105582952499
2097 7858.03685593605
2098 7859.878972053528
2099 7861.689077138901
2100 7863.524126052856
2101 7865.38411283493
2102 7867.296875
2103 7869.170016050339
2104 7871.113894939423
2105 7873.031867027283
2106 7874.944628953934
2107 7876.821160078049
2108 7878.713229894638
2109 7880.654500961304
2110 7882.4953417778015
2111 7887.141530990601
2112 7888.990872859955
2113 7891.0988528728485
2114 7893.075815916061
2115 7894.911124944687
2116 7896.72127699852
2117 7898.544695854187
2118 7900.66139292717
2119 7902.51907491684
2120 7904.457476854324
2121 7906.417427062988
2122 7908.617099046707
2123 7910.449594974518
2124 7912.244386911392
2125 7914.233470916748
2126 7916.24835896492
2127 7918.205464839935
2128 7920.265252828598
2129 7922.07941198349
2130 7923.933960914612
2131 7925.851810932159
2132 7927.748573064804
2133 7929.519949913025
2134 7931.395195007324
2135 7933.231246948242
2136 7935.079409837723
2137 7936.886805057526
2138 7938.739704847336
2139 7940.64901304245
2140 7942.439378023148
2141 7944.323819875717
2142 7946.132287025452
2143 7947.851972818375
2144 7949.618271112442
2145 7951.361441850662
2146 7953.121657848358
2147 7954.842015028
2148 7956.616490125656
2149 7958.368323802948
2150 7960.169258117676
2151 7961.983731031418
2152 7963.718533992767
2153 7965.458118915558
2154 7967.248561859131
2155 7969.275596857071
2156 7971.126190900803
2157 7972.927123069763
2158 7975.084555149078
2159 7976.961589813232
2160 7978.8588309288025
2161 7980.801208972931
2162 7982.591022968292
2163 7984.444397926331
2164 7986.3266248703
2165 7988.174633979797
2166 7990.014443159103
2167 7991.927531719208
2168 7993.993150949478
2169 7996.006469011307
2170 7997.85989689827
2171 7999.717288017273
2172 8001.580794811249
2173 8003.396221876144
2174 8005.243592977524
2175 8007.188671112061
2176 8009.088573932648
2177 8011.050282001495
2178 8013.5738887786865
2179 8015.572818040848
2180 8017.381536722183
2181 8019.247853755951
2182 8020.979323863983
2183 8022.910078048706
2184 8025.405231952667
2185 8027.232376813889
2186 8029.151510000229
2187 8031.023473024368
2188 8032.963638782501
2189 8034.854307889938
2190 8036.91893696785
2191 8038.826164007187
2192 8040.763473987579
2193 8042.683326005936
2194 8044.541828870773
2195 8046.513081789017
2196 8048.49857378006
2197 8050.272921800613
2198 8052.985189914703
2199 8054.847083806992
2200 8056.640743970871
2201 8058.464481830597
2202 8060.303837060928
2203 8062.14469575882
2204 8064.2740869522095
2205 8066.221078157425
2206 8068.004661083221
2207 8069.865312099457
2208 8071.611279964447
2209 8073.317988872528
2210 8075.234667778015
2211 8077.087328910828
2212 8078.989866018295
2213 8080.874534845352
2214 8082.674711942673
2215 8084.7534148693085
2216 8086.550230026245
2217 8088.396931886673
2218 8090.258069038391
2219 8092.08408498764
2220 8094.134263753891
2221 8095.927218914032
2222 8097.753787994385
2223 8099.713046073914
2224 8101.440444946289
2225 8103.245218753815
2226 8105.022400856018
2227 8106.892674922943
2228 8108.7635107040405
2229 8110.653621912003
2230 8112.600564956665
2231 8114.542329788208
2232 8116.397134780884
2233 8118.237631082535
2234 8120.136065721512
2235 8122.005056858063
2236 8124.593800067902
2237 8126.354980945587
2238 8128.931922912598
2239 8131.006383895874
2240 8132.831667900085
2241 8134.709674119949
2242 8137.3328421115875
2243 8139.278304100037
2244 8141.123174905777
2245 8142.9542191028595
2246 8144.809070825577
2247 8146.735921859741
2248 8148.661971092224
2249 8150.5315318107605
2250 8152.293722867966
2251 8154.309964895248
2252 8156.246728897095
2253 8158.378782987595
2254 8160.269686937332
2255 8162.312253952026
2256 8164.3934779167175
2257 8166.866379022598
2258 8168.835649728775
2259 8170.797791004181
2260 8172.617730855942
2261 8174.92084479332
2262 8176.657035827637
2263 8178.617161989212
2264 8180.5327179431915
2265 8182.858279943466
2266 8184.771175861359
2267 8186.656386852264
2268 8188.5455849170685
2269 8190.591340780258
2270 8192.495802879333
2271 8194.519710063934
2272 8196.304683923721
2273 8198.187412023544
2274 8199.936681985855
2275 8201.691910028458
2276 8203.409923791885
2277 8205.894030809402
2278 8207.642388105392
2279 8209.396605014801
2280 8211.358176708221
2281 8213.10668873787
2282 8214.938219070435
2283 8216.667808771133
2284 8218.77278804779
2285 8220.583616018295
2286 8222.387731075287
2287 8224.424447059631
2288 8226.219228029251
2289 8228.158263921738
2290 8230.011887788773
2291 8232.07978606224
2292 8234.099311828613
2293 8235.992406845093
2294 8237.832130908966
2295 8239.73609995842
2296 8241.486583948135
2297 8243.49065876007
2298 8245.361070871353
2299 8247.264511108398
2300 8249.110958814621
2301 8250.859196901321
2302 8252.666808843613
2303 8254.420295000076
2304 8256.355860948563
2305 8258.193667888641
2306 8260.119688987732
2307 8261.885298967361
2308 8263.87980890274
2309 8265.785326957703
2310 8267.789730787277
2311 8269.652755022049
2312 8271.37060213089
2313 8273.26036477089
2314 8275.012992858887
2315 8276.826182842255
2316 8278.599901914597
2317 8280.389579057693
2318 8282.178636789322
2319 8284.176328897476
2320 8286.010769844055
2321 8287.842026948929
2322 8289.560240983963
2323 8291.99242401123
2324 8293.707705974579
2325 8295.495181798935
2326 8297.217771053314
2327 8298.96393609047
2328 8300.776474952698
2329 8302.579300880432
2330 8304.326905965805
2331 8306.020685911179
2332 8307.855293035507
2333 8309.83010482788
2334 8311.56638598442
2335 8314.005020856857
2336 8315.863326072693
2337 8317.809696912766
2338 8319.582635879517
2339 8321.314592123032
2340 8323.169145822525
2341 8324.909301757812
2342 8326.702068090439
2343 8328.518172979355
2344 8330.376057863235
2345 8332.412348985672
2346 8334.40128993988
2347 8336.231638908386
2348 8338.040775060654
2349 8339.847483873367
2350 8341.578189849854
2351 8343.495648860931
2352 8345.578959941864
2353 8347.289923906326
2354 8349.089835882187
2355 8350.914993047714
2356 8352.875788927078
2357 8354.691269874573
2358 8356.549474954605
2359 8358.318242788315
2360 8360.210792064667
2361 8361.944897890091
2362 8363.66779589653
2363 8365.440814971924
2364 8367.236259937286
2365 8369.050086975098
2366 8370.854713916779
2367 8372.657166957855
2368 8374.541874885559
2369 8376.425461053848
2370 8378.092859983444
2371 8379.808448076248
2372 8381.668405056
2373 8383.369117975235
2374 8385.054380893707
2375 8386.918011903763
2376 8388.652182102203
2377 8390.567363977432
2378 8392.33230805397
2379 8394.060993909836
2380 8395.771167039871
2381 8397.45518898964
2382 8399.130197048187
2383 8400.872529029846
2384 8402.727186918259
2385 8404.4448928833
2386 8406.320417881012
2387 8408.033561944962
2388 8409.729806900024
2389 8411.603094816208
2390 8413.68298792839
2391 8416.117353916168
2392 8418.030294895172
2393 8419.879406929016
2394 8421.69621682167
2395 8423.90373301506
2396 8425.922134160995
2397 8427.674453020096
2398 8429.565432786942
2399 8431.318432092667
2400 8433.099693775177
2401 8434.840727806091
2402 8436.67648601532
2403 8438.639241933823
2404 8440.406694889069
2405 8442.45163488388
2406 8444.119445085526
2407 8445.974918842316
2408 8448.167299985886
2409 8450.12027812004
2410 8452.126429080963
2411 8453.945771694183
2412 8455.769757986069
2413 8457.531869888306
2414 8459.322920084
2415 8461.144664764404
2416 8462.929090738297
2417 8464.72782087326
2418 8466.606315851212
2419 8468.512750864029
2420 8470.297404050827
2421 8472.103864908218
2422 8473.889519929886
2423 8475.737350940704
2424 8477.774391889572
2425 8479.576923847198
2426 8481.315034866333
2427 8483.08715891838
2428 8484.920569896698
2429 8487.425019979477
2430 8489.204922914505
2431 8490.956713914871
2432 8492.769729852676
2433 8494.547713756561
2434 8496.308573961258
2435 8498.213229894638
2436 8499.979281902313
2437 8501.727796077728
2438 8503.498595952988
2439 8505.216203927994
2440 8506.960860013962
2441 8508.81298995018
2442 8510.716973781586
2443 8512.451086997986
2444 8514.491036891937
2445 8516.221515893936
