1 6.5028321743011475
2 6.794765949249268
3 6.6294050216674805
4 6.252852916717529
5 6.567076206207275
6 6.662553787231445
7 7.508165121078491
8 6.378252744674683
9 6.367483139038086
10 6.221429109573364
11 6.615080833435059
12 7.073657035827637
13 6.559714078903198
14 6.69660496711731
15 6.242201805114746
16 6.366666316986084
17 6.316094875335693
18 6.607493877410889
19 6.26373815536499
20 6.421676874160767
21 6.518610239028931
22 6.107287645339966
23 6.582833290100098
24 7.594590902328491
25 6.036524057388306
26 6.2307047843933105
27 6.270663261413574
28 7.336194753646851
29 6.3647260665893555
30 6.419622182846069
31 7.183172941207886
32 6.255851984024048
33 6.8098180294036865
34 5.927847862243652
35 6.60223388671875
36 6.818188190460205
37 6.143912076950073
38 6.226078987121582
39 6.067047834396362
40 6.397969961166382
41 6.166942119598389
42 6.0398619174957275
43 6.2832560539245605
44 6.263099193572998
45 6.177448987960815
46 6.168330907821655
47 6.42247200012207
48 6.1310999393463135
49 7.218168020248413
50 6.333563804626465
51 6.397245168685913
52 7.021174192428589
53 7.444553852081299
54 6.9060680866241455
55 7.184215068817139
56 7.6707258224487305
57 6.1523277759552
58 6.275540351867676
59 6.009578704833984
60 6.156325101852417
61 6.146932125091553
62 6.082575082778931
63 6.187143802642822
64 6.142808198928833
65 6.327457904815674
66 6.3555028438568115
67 6.06418514251709
68 6.837475776672363
69 6.304539203643799
70 6.599386930465698
71 6.4875829219818115
72 7.061846017837524
73 6.280512094497681
74 6.650580883026123
75 5.7252819538116455
76 8.21516227722168
77 7.247198820114136
78 7.9084413051605225
79 6.12054967880249
80 6.402749061584473
81 6.071930170059204
82 6.210853815078735
83 5.882119178771973
84 6.183557748794556
85 6.37104606628418
86 6.411267042160034
87 6.308893918991089
88 6.061641216278076
89 6.18209171295166
90 5.996599197387695
91 6.127442836761475
92 6.142122268676758
93 6.289502859115601
94 5.992853164672852
95 6.3085668087005615
96 6.372394800186157
97 6.031821250915527
98 6.130331039428711
99 6.34020209312439
100 6.15425181388855
101 5.948183059692383
102 6.7279510498046875
103 7.292320966720581
104 6.541595935821533
105 6.288749933242798
106 6.591809034347534
107 6.22488808631897
108 6.226304054260254
109 6.345067977905273
110 6.24120306968689
111 6.272395849227905
112 6.227260112762451
113 6.120083808898926
114 6.435969114303589
115 6.270772933959961
116 6.518622875213623
117 6.131569147109985
118 6.129712104797363
119 6.192185878753662
120 6.223419904708862
121 6.124191045761108
122 6.084126949310303
123 6.17052698135376
124 6.0628342628479
125 5.768282890319824
126 5.8339409828186035
127 6.39207911491394
128 6.303929805755615
129 6.020663022994995
130 7.613314151763916
131 5.63050103187561
132 6.162712812423706
133 6.253154993057251
134 6.168745040893555
135 7.142914056777954
136 6.524111986160278
137 5.990376949310303
138 6.112671136856079
139 6.112054109573364
140 5.911301851272583
141 6.450860977172852
142 6.161413908004761
143 7.379891872406006
144 6.344766139984131
145 5.9511590003967285
146 6.068778991699219
147 5.78893518447876
148 5.539097785949707
149 6.022446155548096
150 5.972989797592163
151 5.950232267379761
152 6.13838267326355
153 5.974772214889526
154 6.381934881210327
155 5.7944252490997314
156 6.143113851547241
157 6.32337498664856
158 6.038203001022339
159 6.858654975891113
160 5.819867134094238
161 6.046868085861206
162 6.547503709793091
163 6.17522406578064
164 5.54262900352478
165 7.339500904083252
166 6.407780170440674
167 6.146468877792358
168 6.020795106887817
169 6.025429964065552
170 6.669772148132324
171 6.323517799377441
172 5.79098105430603
173 5.884981870651245
174 5.9388651847839355
175 5.802289009094238
176 5.686201095581055
177 5.871213674545288
178 6.127331256866455
179 5.697731018066406
180 6.078190088272095
181 6.04736590385437
182 5.073515892028809
183 5.626842975616455
184 5.945831060409546
185 5.582904815673828
186 5.8787901401519775
187 5.651148080825806
188 5.466471910476685
189 5.953588962554932
190 7.218597888946533
191 5.756622076034546
192 6.48185396194458
193 5.916496276855469
194 5.871133804321289
195 6.592404127120972
196 6.927146911621094
197 6.118296146392822
198 6.22340202331543
199 5.547459840774536
200 6.18111515045166
201 5.735718727111816
202 6.7047412395477295
203 5.441299915313721
204 5.867176055908203
205 5.509961843490601
206 5.625275135040283
207 6.139714956283569
208 6.257452011108398
209 6.094404935836792
210 6.312989950180054
211 11.982117891311646
212 5.7259063720703125
213 7.095855712890625
214 6.092083930969238
215 6.751320123672485
216 6.1300249099731445
217 5.780327320098877
218 5.90484094619751
219 5.654932022094727
220 5.897436857223511
221 6.216423988342285
222 6.0230371952056885
223 5.731209993362427
224 6.232397794723511
225 6.009328126907349
226 6.41483473777771
227 6.202422142028809
228 5.763124942779541
229 6.27518105506897
230 5.962409973144531
231 5.9008519649505615
232 6.404689311981201
233 5.0896897315979
234 6.863240003585815
235 5.908574819564819
236 6.03528618812561
237 6.010238170623779
238 6.373568058013916
239 6.176458835601807
240 5.98476505279541
241 6.231631755828857
242 6.418987035751343
243 5.8139660358428955
244 5.979928255081177
245 7.428497791290283
246 6.202023983001709
247 6.364351034164429
248 6.8288538455963135
249 5.759050130844116
250 6.660670280456543
251 6.339795827865601
252 7.481328010559082
253 5.679405927658081
254 5.641042947769165
255 6.138713121414185
256 6.502904891967773
257 6.799575090408325
258 6.358856916427612
259 5.879156112670898
260 6.177281856536865
261 5.657505989074707
262 5.881436109542847
263 6.192011117935181
264 5.769719839096069
265 5.64970588684082
266 5.740158319473267
267 5.661095857620239
268 6.443192958831787
269 5.949639081954956
270 6.2005088329315186
271 5.891595125198364
272 6.191673040390015
273 6.908472776412964
274 6.158574104309082
275 6.7519731521606445
276 6.0705578327178955
277 6.337219953536987
278 6.550046920776367
279 6.6429760456085205
280 6.4722349643707275
281 6.678850173950195
282 6.101413011550903
283 6.297338008880615
284 6.266833066940308
285 6.8731749057769775
286 6.309787034988403
287 5.9333648681640625
288 5.626555919647217
289 6.0182740688323975
290 7.25323224067688
291 5.733909845352173
292 5.787927865982056
293 6.009890079498291
294 6.110885143280029
295 6.011343955993652
296 6.180185079574585
297 5.618452787399292
298 5.848727226257324
299 5.7928550243377686
300 5.916294813156128
301 5.4378180503845215
302 5.9726080894470215
303 5.7865259647369385
304 5.586595773696899
305 5.6548752784729
306 6.345669746398926
307 6.288393020629883
308 6.465396165847778
309 5.701564073562622
310 6.409169912338257
311 5.92573094367981
312 6.355890989303589
313 5.707486867904663
314 6.4361572265625
315 6.013778924942017
316 6.422513961791992
317 5.63698410987854
318 6.565584897994995
319 5.820597887039185
320 6.004237174987793
321 5.643467903137207
322 5.920159101486206
323 6.060492038726807
324 5.803956985473633
325 5.974437952041626
326 6.909855842590332
327 5.8832409381866455
328 5.353374242782593
329 6.297010898590088
330 5.577300071716309
331 6.4787890911102295
332 5.853113889694214
333 5.498761892318726
334 6.322156190872192
335 5.934968948364258
336 5.862874984741211
337 5.820713996887207
338 6.159240007400513
339 5.928694009780884
340 5.81601095199585
341 5.938445091247559
342 5.841969013214111
343 5.997292757034302
344 6.021349191665649
345 6.753271102905273
346 6.657052993774414
347 6.776734828948975
348 6.71651816368103
349 6.191128969192505
350 6.666946887969971
351 5.805070877075195
352 6.277978181838989
353 5.81733512878418
354 5.863856792449951
355 5.949048042297363
356 6.525211811065674
357 6.352719306945801
358 6.950395107269287
359 5.675954818725586
360 5.780307054519653
361 6.384162902832031
362 5.82667088508606
363 6.077130079269409
364 5.8197832107543945
365 5.996224880218506
366 6.022414922714233
367 6.458148002624512
368 6.04820704460144
369 5.657241106033325
370 5.758110761642456
371 6.690932035446167
372 6.0350401401519775
373 6.568980932235718
374 6.456758975982666
375 6.432186126708984
376 5.642916917800903
377 5.990162134170532
378 6.958258867263794
379 5.893217086791992
380 5.93281888961792
381 5.794885873794556
382 5.713043928146362
383 5.622585296630859
384 5.974107027053833
385 5.780318975448608
386 5.559759855270386
387 5.325323104858398
388 5.960795879364014
389 5.742005109786987
390 5.756441831588745
391 6.165190935134888
392 6.116960048675537
393 5.994412183761597
394 5.644300937652588
395 7.1398961544036865
396 6.123538970947266
397 5.52981972694397
398 6.105868101119995
399 6.035480976104736
400 5.999613046646118
401 5.496279954910278
402 6.330201148986816
403 5.954352855682373
404 6.166294097900391
405 5.995333194732666
406 5.38230562210083
407 6.29728102684021
408 5.935003280639648
409 6.352910757064819
410 5.461065053939819
411 5.56218409538269
412 5.328824758529663
413 6.030841112136841
414 5.90018105506897
415 6.106328010559082
416 6.802251100540161
417 6.3711817264556885
418 6.083447217941284
419 5.678406000137329
420 5.660440921783447
421 5.963274955749512
422 6.186540126800537
423 6.220472097396851
424 5.799692869186401
425 5.755462884902954
426 5.948224067687988
427 6.0000200271606445
428 6.212221145629883
429 5.867469787597656
430 5.877309322357178
431 6.308571815490723
432 6.428677797317505
433 6.868014097213745
434 6.144543170928955
435 6.2804999351501465
436 5.650272846221924
437 6.321501016616821
438 6.4027392864227295
439 5.757968902587891
440 6.163528919219971
441 5.856961965560913
442 6.5245420932769775
443 6.362334966659546
444 6.135605812072754
445 6.258088111877441
446 5.501508951187134
447 5.540643215179443
448 5.6718878746032715
449 5.83570408821106
450 7.234911918640137
451 5.780050992965698
452 6.017580032348633
453 6.1739959716796875
454 5.945418119430542
455 5.977555751800537
456 7.84455418586731
457 6.3419928550720215
458 5.893784999847412
459 6.135447025299072
460 6.348249912261963
461 5.476755142211914
462 5.89310097694397
463 5.899476051330566
464 5.701901912689209
465 5.874017000198364
466 6.175276041030884
467 5.939324855804443
468 5.7632200717926025
469 5.538755178451538
470 5.874609708786011
471 6.011966228485107
472 7.119791030883789
473 5.829884052276611
474 5.7383387088775635
475 5.275191068649292
476 5.99048113822937
477 6.119350910186768
478 6.360486030578613
479 6.252676010131836
480 6.640533208847046
481 6.70679783821106
482 5.606162071228027
483 5.600849866867065
484 6.04581093788147
485 5.177061319351196
486 5.9204018115997314
487 5.993396997451782
488 6.140695095062256
489 5.47428297996521
490 5.769546031951904
491 5.7626988887786865
492 6.564570903778076
493 5.6358962059021
494 6.509951829910278
495 5.984814167022705
496 5.910124778747559
497 5.83136510848999
498 5.353353977203369
499 5.970792055130005
500 5.698242902755737
501 5.595592021942139
502 6.2220001220703125
503 5.545127868652344
504 5.145034074783325
505 5.677018165588379
506 4.9774956703186035
507 5.662166118621826
508 6.182115077972412
509 5.82628607749939
510 7.3912458419799805
511 5.4356300830841064
512 5.523164749145508
513 6.0472142696380615
514 5.607858896255493
515 5.347082853317261
516 5.459797143936157
517 5.532037019729614
518 5.727905988693237
519 5.605452060699463
520 5.896078824996948
521 5.5219972133636475
522 5.6447248458862305
523 5.539828062057495
524 6.9756810665130615
525 5.916355133056641
526 5.831111907958984
527 7.125670909881592
528 7.230767011642456
529 5.681712865829468
530 6.2409021854400635
531 6.10856294631958
532 6.155943870544434
533 6.320103168487549
534 5.707803010940552
535 5.568279027938843
536 6.149220705032349
537 5.553563356399536
538 5.505244731903076
539 5.499134063720703
540 5.762531995773315
541 4.895636081695557
542 5.347830057144165
543 5.741295099258423
544 5.6789939403533936
545 5.649044990539551
546 5.7507970333099365
547 5.708223819732666
548 5.516160011291504
549 7.391183853149414
550 5.943649053573608
551 5.003443002700806
552 6.474951267242432
553 5.697727918624878
554 5.591238975524902
555 5.91451096534729
556 5.529263973236084
557 5.789847135543823
558 5.655365705490112
559 5.823060989379883
560 7.502579212188721
561 7.780232906341553
562 5.52096700668335
563 5.574090003967285
564 6.662420988082886
565 6.841226100921631
566 6.386654853820801
567 5.577225923538208
568 5.801918268203735
569 5.6510169506073
570 5.573309898376465
571 5.5364601612091064
572 6.786959886550903
573 5.796539068222046
574 6.8789589405059814
575 6.898271083831787
576 5.409188985824585
577 6.671740770339966
578 5.89671516418457
579 6.1765758991241455
580 5.4420411586761475
581 5.844719886779785
582 5.737108945846558
583 5.23917818069458
584 5.687042951583862
585 5.274358034133911
586 5.604758977890015
587 5.703181028366089
588 5.373953104019165
589 5.8213887214660645
590 5.336988210678101
591 5.12914776802063
592 6.1475770473480225
593 8.27235221862793
594 6.888821840286255
595 6.991980075836182
596 5.542988061904907
597 5.586719036102295
598 5.790328741073608
599 6.682889938354492
600 5.625813007354736
601 5.802294015884399
602 5.706135034561157
603 5.855938196182251
604 5.474112033843994
605 5.589797019958496
606 5.6646997928619385
607 5.52951192855835
608 5.583945989608765
609 5.797986030578613
610 5.638811349868774
611 6.175222635269165
612 7.022281169891357
613 7.728057861328125
614 6.035088300704956
615 6.550451993942261
616 7.1785688400268555
617 7.703716993331909
618 5.635571002960205
619 5.703333854675293
620 5.689831972122192
621 5.706189155578613
622 5.440765857696533
623 5.769538164138794
624 5.671419143676758
625 5.605073928833008
626 5.548192024230957
627 5.673443794250488
628 5.460171937942505
629 5.778821229934692
630 5.666890859603882
631 5.619523048400879
632 5.639487028121948
633 5.390049934387207
634 5.716536998748779
635 5.398553133010864
636 5.345063924789429
637 5.649716854095459
638 4.196315288543701
639 3.784576654434204
640 3.897306203842163
641 4.180958032608032
642 4.101763010025024
643 3.6749188899993896
644 3.9605610370635986
645 3.940513849258423
646 3.958160161972046
647 3.6950340270996094
648 3.7201061248779297
649 3.7641937732696533
650 3.7923991680145264
651 3.64870285987854
652 3.9678380489349365
653 4.240467071533203
654 4.1272149085998535
655 3.9710240364074707
656 3.96818208694458
657 3.6165390014648438
658 3.8394129276275635
659 3.7296030521392822
660 3.7985448837280273
661 3.6669089794158936
662 3.665776014328003
663 3.863645076751709
664 4.039634943008423
665 3.8490350246429443
666 3.854595899581909
667 4.112096071243286
668 3.9247941970825195
669 3.6068108081817627
670 3.904827833175659
671 3.7878520488739014
672 3.785651206970215
673 3.8868839740753174
674 4.049453020095825
675 4.065161943435669
676 3.7623000144958496
677 3.6643459796905518
678 3.644838809967041
679 4.010192155838013
680 3.846801996231079
681 4.062911033630371
682 3.7876389026641846
683 3.788576126098633
684 3.7915687561035156
685 4.090921401977539
686 3.798353910446167
687 3.877051830291748
688 3.5543620586395264
689 4.080827951431274
690 3.8137011528015137
691 3.9699127674102783
692 3.8644752502441406
693 3.658210039138794
694 3.8426907062530518
695 3.822580337524414
696 3.680572748184204
697 3.8601648807525635
698 3.5495102405548096
699 3.710379123687744
700 4.045120000839233
701 4.047515869140625
702 4.036488771438599
703 3.92846417427063
704 3.816293954849243
705 3.7896740436553955
706 4.03242301940918
707 3.6136012077331543
708 3.571035861968994
709 3.874095916748047
710 3.3108901977539062
711 3.7476449012756348
712 3.7107861042022705
713 3.9323508739471436
714 3.8105199337005615
715 3.580556869506836
716 3.850389003753662
717 3.794138193130493
718 4.012771129608154
719 4.006646633148193
720 3.7831931114196777
721 3.6639628410339355
722 3.680333137512207
723 3.8912482261657715
724 3.6287810802459717
725 3.996870756149292
726 3.7148008346557617
727 3.7680792808532715
728 3.2221150398254395
729 3.5509538650512695
730 3.669917106628418
731 3.7446508407592773
732 3.6902501583099365
733 3.822666883468628
734 3.7101290225982666
735 3.7745251655578613
736 3.8159008026123047
737 3.4402198791503906
738 3.8160629272460938
739 3.7557990550994873
740 3.5988643169403076
741 3.985942840576172
742 3.6300289630889893
743 3.9339728355407715
744 3.7017862796783447
745 3.8683528900146484
746 3.5227341651916504
747 3.5382280349731445
748 3.717154026031494
749 3.64499568939209
750 3.5023460388183594
751 3.69868803024292
752 3.582879066467285
753 3.5141549110412598
754 3.710911989212036
755 3.8197412490844727
756 3.5858168601989746
757 3.753308057785034
758 3.6555368900299072
759 3.38601016998291
760 3.210890054702759
761 3.668015718460083
762 3.7277190685272217
763 3.6256439685821533
764 3.756105899810791
765 3.4445712566375732
766 3.604442834854126
767 3.593318223953247
768 3.2798209190368652
769 3.5233449935913086
770 3.4729199409484863
771 3.4618828296661377
772 3.4009389877319336
773 3.461019992828369
774 3.3885371685028076
775 3.5787339210510254
776 3.7299211025238037
777 3.6562130451202393
778 3.420693874359131
779 3.495387077331543
780 3.3152880668640137
781 3.8146800994873047
782 3.5035839080810547
783 3.7837677001953125
784 3.7974681854248047
785 3.7322781085968018
786 3.640328884124756
787 3.4655911922454834
788 3.4854648113250732
789 3.619903802871704
790 3.687258243560791
791 3.572293758392334
792 3.5191152095794678
793 3.3815598487854004
794 3.7784972190856934
795 3.2493369579315186
796 3.4468469619750977
797 3.4921209812164307
798 3.556140899658203
799 3.8098461627960205
800 3.5000927448272705
801 3.6597113609313965
802 3.4192147254943848
803 3.359668016433716
804 4.071735143661499
805 3.521996021270752
806 3.3721179962158203
807 3.684708833694458
808 3.4874510765075684
809 3.6738860607147217
810 3.5937609672546387
811 3.502869129180908
812 3.6283040046691895
813 3.5844409465789795
814 3.6099729537963867
815 3.599210023880005
816 3.3883869647979736
817 3.435241937637329
818 3.599184989929199
819 3.2747931480407715
820 3.0532000064849854
821 3.4109339714050293
822 3.454396963119507
823 3.3806707859039307
824 3.294001340866089
825 3.096911668777466
826 3.39276123046875
827 3.401418924331665
828 3.710608959197998
829 3.088057041168213
830 3.110992193222046
831 3.386378049850464
832 3.2784817218780518
833 3.451937198638916
834 3.1469779014587402
835 3.182828187942505
836 3.596738815307617
837 3.3571529388427734
838 3.32584810256958
839 3.3998398780822754
840 3.6627562046051025
841 3.2222039699554443
842 3.377255916595459
843 3.039663076400757
844 3.2392797470092773
845 3.2276551723480225
846 3.0133347511291504
847 3.5595550537109375
848 3.1104300022125244
849 3.646920919418335
850 3.157606363296509
851 3.6771650314331055
852 3.3990347385406494
853 3.6246259212493896
854 3.3791253566741943
855 3.330528736114502
856 3.633864164352417
857 3.57574200630188
858 3.31994891166687
859 3.4350979328155518
860 3.491420269012451
861 3.8496320247650146
862 3.536773681640625
863 3.2744791507720947
864 3.5278890132904053
865 3.4681079387664795
866 3.8407580852508545
867 3.2937049865722656
868 3.3396008014678955
869 3.483123302459717
870 3.3548998832702637
871 3.7309179306030273
872 3.89202880859375
873 3.209317207336426
874 3.458404064178467
875 3.169266939163208
876 3.4289309978485107
877 3.378912925720215
878 2.8202521800994873
879 2.9314398765563965
880 3.548759937286377
881 3.3418939113616943
882 3.294983148574829
883 3.1643259525299072
884 3.3956310749053955
885 3.338963031768799
886 3.367360830307007
887 3.2861220836639404
888 3.3564701080322266
889 3.6208178997039795
890 3.0457241535186768
891 3.4110889434814453
892 3.3437490463256836
893 3.08657169342041
894 3.2566189765930176
895 3.2123630046844482
896 3.2049810886383057
897 3.1491150856018066
898 3.325571060180664
899 3.4499459266662598
900 3.2829720973968506
901 2.810178756713867
902 3.25423002243042
903 3.8145930767059326
904 2.965222120285034
905 3.2229878902435303
906 3.5548951625823975
907 3.0720479488372803
908 3.084629774093628
909 3.121382236480713
910 3.5010910034179688
911 3.1875219345092773
912 3.1672589778900146
913 3.3823978900909424
914 3.111985206604004
915 2.949169874191284
916 3.1928741931915283
917 3.1628239154815674
918 2.864532947540283
919 3.209691047668457
920 3.253545045852661
921 3.080155849456787
922 3.1225621700286865
923 3.180050849914551
924 2.9144890308380127
925 3.343609094619751
926 3.3718879222869873
927 3.2158021926879883
928 3.0604448318481445
929 3.4447989463806152
930 3.1448299884796143
931 3.1023550033569336
932 3.42112398147583
933 3.191983938217163
934 3.1856181621551514
935 3.429229736328125
936 3.270400047302246
937 3.0331950187683105
938 3.3937273025512695
939 2.917175769805908
940 3.494442939758301
941 2.9765560626983643
942 3.2923378944396973
943 3.353508234024048
944 2.9908437728881836
945 3.052492141723633
946 3.3132882118225098
947 2.9079508781433105
948 3.1797590255737305
949 3.319809913635254
950 3.1432249546051025
951 3.145888090133667
952 3.2838220596313477
953 3.1505930423736572
954 3.2488038539886475
955 3.157409906387329
956 3.412691116333008
957 3.1669111251831055
958 3.420602798461914
959 3.228311061859131
960 3.3914151191711426
961 3.3813250064849854
962 3.230772018432617
963 3.4657139778137207
964 2.9338839054107666
965 3.165811061859131
966 3.43245792388916
967 3.014035940170288
968 4.296100854873657
969 3.408590316772461
970 2.674475908279419
971 3.2758779525756836
972 3.2899250984191895
973 3.2126898765563965
974 3.470004081726074
975 2.926090955734253
976 2.9608287811279297
977 3.382550001144409
978 3.289405345916748
979 3.7369658946990967
980 2.8251659870147705
981 3.5514800548553467
982 3.2984819412231445
983 3.210369110107422
984 3.437234878540039
985 3.1593568325042725
986 3.078129291534424
987 3.086512804031372
988 3.347386121749878
989 3.233595848083496
990 3.2383172512054443
991 3.1763219833374023
992 3.3651299476623535
993 3.035521984100342
994 3.1494429111480713
995 2.989767074584961
996 3.0517001152038574
997 3.1329736709594727
998 3.1817121505737305
999 3.2694919109344482
1000 3.2556161880493164
1001 3.1992807388305664
1002 3.1321542263031006
1003 3.1729049682617188
1004 3.0746841430664062
1005 3.102353811264038
1006 3.1689980030059814
1007 3.3810300827026367
1008 3.2226638793945312
1009 3.059331178665161
1010 3.155106782913208
1011 3.185110092163086
1012 3.2563061714172363
1013 3.445495843887329
1014 3.2649459838867188
1015 3.409386157989502
1016 3.372243881225586
1017 3.4079318046569824
1018 3.0706403255462646
1019 3.28165602684021
1020 3.2125778198242188
1021 3.1153252124786377
1022 3.805163621902466
1023 2.969571113586426
1024 2.971137046813965
1025 2.856705904006958
1026 2.706151008605957
1027 2.9768741130828857
1028 2.870738983154297
1029 2.795990228652954
1030 3.034444808959961
1031 2.8286781311035156
1032 3.13425874710083
1033 2.8672280311584473
1034 3.2643790245056152
1035 3.1581687927246094
1036 3.1230101585388184
1037 2.799488067626953
1038 3.2503910064697266
1039 3.3000640869140625
1040 3.0117130279541016
1041 2.678774833679199
1042 2.9338009357452393
1043 2.806276321411133
1044 2.8194477558135986
1045 3.1923391819000244
1046 3.2836859226226807
1047 5.1611409187316895
1048 3.0541958808898926
1049 2.744843006134033
1050 2.700207233428955
1051 3.001396894454956
1052 3.1374800205230713
1053 3.0871729850769043
1054 2.951601982116699
1055 3.246654987335205
1056 3.0836639404296875
1057 2.5948920249938965
1058 3.1544291973114014
1059 3.052252769470215
1060 2.8255319595336914
1061 2.819063186645508
1062 2.7471988201141357
1063 2.7797021865844727
1064 2.967971086502075
1065 2.6454949378967285
1066 2.8105499744415283
1067 3.075460910797119
1068 3.3445749282836914
1069 2.9225809574127197
1070 3.3076860904693604
1071 2.682936191558838
1072 2.8491389751434326
1073 2.9379868507385254
1074 2.785923957824707
1075 3.0336639881134033
1076 3.119894027709961
1077 2.8898539543151855
1078 3.055887222290039
1079 2.9316060543060303
1080 2.917679786682129
1081 2.7883100509643555
1082 3.0383501052856445
1083 2.9536569118499756
1084 3.013166904449463
1085 2.873040199279785
1086 3.0662636756896973
1087 2.7455832958221436
1088 2.845860719680786
1089 2.8818821907043457
1090 3.0113680362701416
1091 2.9014570713043213
1092 2.7847378253936768
1093 3.0294549465179443
1094 2.995166063308716
1095 2.9578471183776855
1096 2.7641170024871826
1097 2.9225659370422363
1098 2.5360910892486572
1099 2.830453872680664
1100 2.9735989570617676
1101 2.8311030864715576
1102 2.5053517818450928
1103 2.710310220718384
1104 2.929198980331421
1105 2.6320559978485107
1106 2.8678159713745117
1107 2.903783082962036
1108 3.002432107925415
1109 3.002659797668457
1110 2.670206069946289
1111 3.066476821899414
1112 3.0032360553741455
1113 2.6857569217681885
1114 2.6126821041107178
1115 2.8018240928649902
1116 2.8294408321380615
1117 2.687723159790039
1118 2.6451680660247803
1119 2.818915843963623
1120 2.9099371433258057
1121 2.712609052658081
1122 3.082681894302368
1123 2.6725401878356934
1124 2.69215989112854
1125 2.893836736679077
1126 2.8000283241271973
1127 2.8241217136383057
1128 2.8685810565948486
1129 2.7106010913848877
1130 2.629685878753662
1131 2.8307831287384033
1132 2.604728937149048
1133 2.7089650630950928
1134 2.850435972213745
1135 2.8968639373779297
1136 2.821707010269165
1137 2.4814951419830322
1138 2.6267359256744385
1139 2.8463940620422363
1140 2.932310104370117
1141 2.9961328506469727
1142 2.7039899826049805
1143 2.9463951587677
1144 2.691032648086548
1145 2.6313772201538086
1146 2.7343249320983887
1147 2.9319651126861572
1148 2.66858172416687
1149 2.8865742683410645
1150 2.9954957962036133
1151 2.704468011856079
1152 2.6290342807769775
1153 2.667232036590576
1154 2.788433790206909
1155 2.8412139415740967
1156 2.495155096054077
1157 2.875211000442505
1158 2.617997884750366
1159 2.6910669803619385
1160 2.57922101020813
1161 2.6599652767181396
1162 2.871950626373291
1163 3.0136282444000244
1164 3.1132359504699707
1165 2.971484899520874
1166 2.86618709564209
1167 3.003408908843994
1168 2.5245790481567383
1169 2.6645801067352295
1170 2.9621779918670654
1171 2.599139928817749
1172 2.628713846206665
1173 2.507223129272461
1174 2.966999053955078
1175 2.875072956085205
1176 2.582740068435669
1177 2.6078410148620605
1178 2.746860980987549
1179 2.970067024230957
1180 2.898716926574707
1181 2.461766004562378
1182 2.7807090282440186
1183 2.61891508102417
1184 2.6556389331817627
1185 2.854156017303467
1186 2.789430856704712
1187 2.7010202407836914
1188 2.495386838912964
1189 4.786988973617554
1190 2.403764009475708
1191 2.399060010910034
1192 2.564617872238159
1193 2.630625009536743
1194 2.8572921752929688
1195 3.7199978828430176
1196 2.7796990871429443
1197 2.4006199836730957
1198 2.4849061965942383
1199 2.8705427646636963
1200 2.524394989013672
1201 2.5393779277801514
1202 2.938141107559204
1203 2.680161952972412
1204 2.51750111579895
1205 2.421022891998291
1206 2.5870559215545654
1207 3.2268171310424805
1208 2.697683095932007
1209 2.393563985824585
1210 2.4383270740509033
1211 2.921261787414551
1212 2.509115219116211
1213 2.3847479820251465
1214 2.6501519680023193
1215 2.580950975418091
1216 2.522930860519409
1217 2.6313700675964355
1218 2.474108934402466
1219 2.5937252044677734
1220 2.4788858890533447
1221 2.4750330448150635
1222 2.469660997390747
1223 2.4265379905700684
1224 2.3882949352264404
1225 2.5100979804992676
1226 2.4844648838043213
1227 2.5536792278289795
1228 2.58868670463562
1229 2.2841269969940186
1230 2.455507278442383
1231 2.447511911392212
1232 2.828230142593384
1233 2.4485039710998535
1234 2.7029788494110107
1235 2.561729907989502
1236 2.407642126083374
1237 2.4098141193389893
1238 2.48622989654541
1239 2.428427219390869
1240 2.452286958694458
1241 2.4476559162139893
1242 2.595944881439209
1243 2.282406806945801
1244 2.7411673069000244
1245 2.4081828594207764
1246 2.407374858856201
1247 2.3950819969177246
1248 2.598363161087036
1249 2.321424961090088
1250 2.457529067993164
1251 2.297795057296753
1252 2.199326992034912
1253 2.610172986984253
1254 2.4673049449920654
1255 2.810750961303711
1256 2.443927049636841
1257 3.1129541397094727
1258 2.4571127891540527
1259 2.2199220657348633
1260 2.293333053588867
1261 2.4171509742736816
1262 2.5051660537719727
1263 2.496769905090332
1264 2.5871469974517822
1265 2.409609079360962
1266 2.777561902999878
1267 2.502892017364502
1268 2.374202251434326
1269 2.6499876976013184
1270 2.362946033477783
1271 2.3299360275268555
1272 2.2326550483703613
1273 2.2605230808258057
1274 2.3717548847198486
1275 2.4657599925994873
1276 2.570728063583374
1277 2.948819875717163
1278 2.3406240940093994
1279 2.4536359310150146
1280 2.254085063934326
1281 2.426488161087036
1282 2.2593228816986084
1283 2.31782603263855
1284 2.686203718185425
1285 2.474804401397705
1286 2.3017687797546387
1287 2.3056039810180664
1288 2.2900478839874268
1289 2.3259642124176025
1290 2.34018611907959
1291 2.29459285736084
1292 2.302457809448242
1293 2.2450523376464844
1294 2.2384138107299805
1295 2.588089942932129
1296 2.2965900897979736
1297 2.23117995262146
1298 2.4282422065734863
1299 2.7795166969299316
1300 2.348634958267212
1301 2.315993070602417
1302 2.344316005706787
1303 2.239474058151245
1304 2.521780014038086
1305 2.471637010574341
1306 2.429965019226074
1307 2.3142218589782715
1308 2.3464512825012207
1309 2.4266529083251953
1310 2.7591307163238525
1311 2.5760843753814697
1312 2.340819835662842
1313 2.304257869720459
1314 2.9609599113464355
1315 2.7388951778411865
1316 2.433493137359619
1317 2.3736350536346436
1318 2.3540267944335938
1319 2.2981221675872803
1320 2.3310739994049072
1321 2.546351909637451
1322 2.334254026412964
1323 2.1789088249206543
1324 2.538076162338257
1325 2.4756739139556885
1326 2.4187090396881104
1327 2.4104371070861816
1328 2.2786848545074463
1329 2.2870569229125977
1330 2.376326084136963
1331 2.4113521575927734
1332 2.8936710357666016
1333 2.243011713027954
1334 2.208343982696533
1335 2.4022622108459473
1336 2.195749044418335
1337 2.361602783203125
1338 2.2016220092773438
1339 2.5889101028442383
1340 2.527745008468628
1341 2.7424168586730957
1342 2.160499334335327
1343 2.2195327281951904
1344 2.1567721366882324
1345 2.4327900409698486
1346 2.338503837585449
1347 2.462637186050415
1348 2.509833812713623
1349 2.34796404838562
1350 2.360734224319458
1351 2.2838406562805176
1352 2.295551300048828
1353 2.3397037982940674
1354 2.2808868885040283
1355 2.733288049697876
1356 2.917769193649292
1357 2.3613929748535156
1358 2.2363147735595703
1359 2.567984104156494
1360 2.2384190559387207
1361 2.31646990776062
1362 2.2908921241760254
1363 2.3645999431610107
1364 2.5550758838653564
1365 2.2048959732055664
1366 2.361722230911255
1367 2.2729201316833496
1368 2.5248849391937256
1369 2.3014400005340576
1370 2.2531368732452393
1371 2.2761809825897217
1372 2.272090196609497
1373 2.596099615097046
1374 2.141054153442383
1375 2.852091073989868
1376 2.6943259239196777
1377 2.3025641441345215
1378 2.2400758266448975
1379 2.4317731857299805
1380 2.3264658451080322
1381 2.648928165435791
1382 2.052316904067993
1383 2.2690579891204834
1384 2.251091957092285
1385 2.3848650455474854
1386 2.3180999755859375
1387 2.4223439693450928
1388 2.3257391452789307
1389 2.1436288356781006
1390 2.148664951324463
1391 2.2337839603424072
1392 2.3982253074645996
1393 2.387751817703247
1394 2.21146297454834
1395 2.2874271869659424
1396 2.709174871444702
1397 2.1947059631347656
1398 2.3337249755859375
1399 2.371381998062134
1400 2.2817981243133545
1401 2.5846359729766846
1402 2.193326950073242
1403 2.2194268703460693
1404 2.4269931316375732
1405 2.2198169231414795
1406 2.150921106338501
1407 2.820330858230591
1408 2.4793479442596436
1409 2.314321279525757
1410 2.4083099365234375
1411 2.551807165145874
1412 2.433175802230835
1413 2.343248128890991
1414 2.2297747135162354
1415 2.144411087036133
1416 2.1324269771575928
1417 2.163706064224243
1418 2.138823986053467
1419 2.157602071762085
1420 2.2085440158843994
1421 2.181488037109375
1422 2.247152090072632
1423 2.163878917694092
1424 2.034595012664795
1425 2.073173999786377
1426 2.147481918334961
1427 2.1994171142578125
1428 2.1527817249298096
1429 2.091055154800415
1430 2.1313729286193848
1431 2.0111351013183594
1432 2.181468963623047
1433 2.1494760513305664
1434 2.3877487182617188
1435 2.3677141666412354
1436 2.1751821041107178
1437 2.2396647930145264
1438 2.37626314163208
1439 2.2587130069732666
1440 2.302908182144165
1441 2.16817569732666
1442 2.496641159057617
1443 2.1165618896484375
1444 2.1363911628723145
1445 2.2416698932647705
1446 2.1502788066864014
1447 2.0481741428375244
1448 2.20387601852417
1449 2.1648330688476562
1450 2.3623239994049072
1451 2.158064842224121
1452 1.990767240524292
1453 2.0630838871002197
1454 2.540930986404419
1455 2.3701658248901367
1456 2.640139102935791
1457 2.3717381954193115
1458 2.1342649459838867
1459 2.052902936935425
1460 2.1217360496520996
1461 2.064635992050171
1462 2.184248924255371
1463 2.1308140754699707
1464 2.0580430030822754
1465 2.115328073501587
1466 2.1284098625183105
1467 2.4244110584259033
1468 2.0973989963531494
1469 2.1746578216552734
1470 2.0520880222320557
1471 2.088271141052246
1472 2.3148560523986816
1473 2.22426700592041
1474 2.0922868251800537
1475 2.217670202255249
1476 2.475069999694824
1477 2.1794559955596924
1478 2.1528849601745605
1479 2.0981130599975586
1480 2.332183837890625
1481 2.712512969970703
1482 2.3377950191497803
1483 2.1730990409851074
1484 2.192068099975586
1485 2.1490039825439453
1486 2.770982027053833
1487 2.209352970123291
1488 2.1855149269104004
1489 2.530580997467041
1490 2.117133140563965
1491 2.2128489017486572
1492 2.205552101135254
1493 2.2373387813568115
1494 2.217604160308838
1495 2.490196943283081
1496 2.219027042388916
1497 2.020423173904419
1498 2.2364726066589355
1499 2.307692050933838
1500 2.0776782035827637
1501 2.174099922180176
1502 2.138772964477539
1503 2.1093151569366455
1504 2.0551817417144775
1505 2.5537171363830566
1506 2.25874400138855
1507 2.153316020965576
1508 2.139462947845459
1509 2.0841269493103027
1510 2.175265073776245
1511 2.1041321754455566
1512 2.538306713104248
1513 2.150339126586914
1514 2.159501075744629
1515 2.085783004760742
1516 2.098907947540283
1517 2.073887825012207
1518 2.2410781383514404
1519 2.362234115600586
1520 2.089169979095459
1521 2.4366908073425293
1522 2.259141206741333
1523 2.083735704421997
1524 2.4167940616607666
1525 2.2772891521453857
1526 2.286234140396118
1527 2.70878267288208
1528 2.138723134994507
1529 2.2529239654541016
1530 2.0694189071655273
1531 2.0403189659118652
1532 2.073310375213623
1533 2.1552577018737793
1534 2.2325031757354736
1535 2.2161567211151123
1536 2.2500882148742676
1537 2.3592989444732666
1538 2.49760103225708
1539 2.2351601123809814
1540 2.334758758544922
1541 2.224281072616577
1542 2.225048065185547
1543 2.1061410903930664
1544 2.8306069374084473
1545 2.2071080207824707
1546 2.4401350021362305
1547 2.2392170429229736
1548 2.1543588638305664
1549 2.657423973083496
1550 2.1183900833129883
1551 2.1675000190734863
1552 2.2976770401000977
1553 2.2125959396362305
1554 2.1911139488220215
1555 2.1475908756256104
1556 2.5199711322784424
1557 2.0918829441070557
1558 2.1029980182647705
1559 2.203460216522217
1560 2.127748727798462
1561 2.0829381942749023
1562 2.1130330562591553
1563 2.293552875518799
1564 2.1686220169067383
1565 2.217177152633667
1566 2.455108880996704
1567 2.17661190032959
1568 2.181436061859131
1569 2.1448729038238525
1570 2.2116520404815674
1571 2.690101146697998
1572 2.073112964630127
1573 2.0889549255371094
1574 2.268588066101074
1575 2.5855488777160645
1576 2.2461049556732178
1577 2.1117312908172607
1578 2.196847677230835
1579 2.1843180656433105
1580 2.049109935760498
1581 2.623152256011963
1582 2.1647088527679443
1583 2.057438850402832
1584 2.6285581588745117
1585 2.277374029159546
1586 2.6220898628234863
1587 2.1797502040863037
1588 2.4201090335845947
1589 2.108022689819336
1590 2.333672285079956
1591 2.213564872741699
1592 2.2943408489227295
1593 2.052389144897461
1594 2.423459053039551
1595 2.184551954269409
1596 2.0667099952697754
1597 2.608427047729492
1598 2.2096500396728516
1599 2.1287930011749268
1600 2.1191070079803467
1601 2.154287815093994
1602 2.1294960975646973
1603 2.130845069885254
1604 2.1784019470214844
1605 2.1921119689941406
1606 2.2067711353302
1607 2.384868860244751
1608 2.025426149368286
1609 2.4619767665863037
1610 2.107102155685425
1611 2.0817790031433105
1612 2.143725872039795
1613 2.2098429203033447
1614 2.0917091369628906
1615 2.129491090774536
1616 2.1090829372406006
1617 2.1628589630126953
1618 2.0901920795440674
1619 2.194040060043335
1620 2.072516918182373
1621 2.0519919395446777
1622 2.0638301372528076
1623 2.0706560611724854
1624 2.067456007003784
1625 2.116024971008301
1626 2.0714449882507324
1627 2.3221518993377686
1628 2.0162928104400635
1629 2.196298122406006
1630 2.2005701065063477
1631 2.189152956008911
1632 2.045614004135132
1633 2.075051784515381
1634 2.2693302631378174
1635 2.1153979301452637
1636 2.0631558895111084
1637 2.130617141723633
1638 2.1155829429626465
1639 2.164483070373535
1640 2.4775891304016113
1641 2.0693459510803223
1642 2.0566418170928955
1643 2.0468320846557617
1644 2.191533088684082
1645 2.120450019836426
1646 2.12300181388855
1647 2.414234161376953
1648 2.0343527793884277
1649 2.8602802753448486
1650 2.243407726287842
1651 2.3809452056884766
1652 2.2774548530578613
1653 2.002406120300293
1654 2.0407440662384033
1655 1.9779679775238037
1656 2.0870296955108643
1657 2.1469523906707764
1658 2.049154043197632
1659 2.0104568004608154
1660 1.9750587940216064
1661 2.0718860626220703
1662 2.264293909072876
1663 1.9566981792449951
1664 2.1663291454315186
1665 2.2891199588775635
1666 2.189826726913452
1667 2.038534164428711
1668 2.2577919960021973
1669 2.00775408744812
1670 2.14625883102417
1671 2.0449342727661133
1672 2.0547499656677246
1673 1.9393799304962158
1674 2.043022871017456
1675 1.9908199310302734
1676 2.0565452575683594
1677 2.0422277450561523
1678 2.012010097503662
1679 2.2973198890686035
1680 2.034475088119507
1681 1.9251511096954346
1682 1.9905281066894531
1683 2.023387908935547
1684 2.2673258781433105
1685 1.939711093902588
1686 2.1070351600646973
1687 2.0497937202453613
1688 1.968177080154419
1689 2.1995580196380615
1690 2.2356350421905518
1691 2.701780080795288
1692 2.0225019454956055
1693 2.1352109909057617
1694 2.1317028999328613
1695 2.142367124557495
1696 2.0358188152313232
1697 2.091823101043701
1698 2.0298609733581543
1699 2.0004119873046875
1700 2.0532960891723633
1701 2.097929000854492
1702 2.09582781791687
1703 2.216752290725708
1704 2.1879379749298096
1705 2.0192677974700928
1706 2.257889986038208
1707 2.137321949005127
1708 1.976125955581665
1709 2.2622032165527344
1710 1.9410099983215332
1711 2.331166982650757
1712 2.127732992172241
1713 2.448270082473755
1714 2.1313247680664062
1715 1.9433691501617432
1716 2.024671792984009
1717 1.9491143226623535
1718 1.9978978633880615
1719 1.9982028007507324
1720 2.139939069747925
1721 2.110178232192993
1722 2.1028788089752197
1723 2.112652063369751
1724 2.1235761642456055
1725 2.083595037460327
1726 2.3069918155670166
1727 2.2674758434295654
1728 1.9716322422027588
1729 2.1841180324554443
1730 2.0938048362731934
1731 1.9752528667449951
1732 2.034292221069336
1733 2.332137107849121
1734 2.0574777126312256
1735 2.1824581623077393
1736 2.038097858428955
1737 2.0045971870422363
1738 2.0210349559783936
1739 1.95762300491333
1740 2.1495349407196045
1741 1.9634590148925781
1742 1.9902238845825195
1743 1.9722750186920166
1744 2.0613460540771484
1745 2.067728042602539
1746 2.645277976989746
1747 2.243643045425415
1748 2.082674980163574
1749 2.0918638706207275
1750 2.2403271198272705
1751 2.1201839447021484
1752 2.168936252593994
1753 2.0206127166748047
1754 2.12398099899292
1755 2.0056650638580322
1756 2.039376974105835
1757 1.9913530349731445
1758 2.0541188716888428
1759 1.917586326599121
1760 2.0652496814727783
1761 2.155271291732788
1762 2.2475168704986572
1763 2.087249994277954
1764 2.3749611377716064
1765 1.9892079830169678
1766 2.056675910949707
1767 2.017298936843872
1768 2.0136520862579346
1769 2.6738028526306152
1770 1.9544570446014404
1771 2.016625165939331
1772 2.0361108779907227
1773 2.076273202896118
1774 2.0312998294830322
1775 2.075039863586426
1776 2.016597032546997
1777 2.5240790843963623
1778 2.791309118270874
1779 1.8964028358459473
1780 2.4691410064697266
1781 1.97878098487854
1782 2.025527000427246
1783 1.915107250213623
1784 1.9860186576843262
1785 2.0793721675872803
1786 1.928333044052124
1787 2.5821070671081543
1788 2.230012893676758
1789 2.0176351070404053
1790 2.0199058055877686
1791 1.903913974761963
1792 2.124724864959717
1793 2.0912652015686035
1794 2.1018621921539307
1795 2.633920907974243
1796 2.0033459663391113
1797 2.0671780109405518
1798 2.0107169151306152
1799 1.9955391883850098
1800 1.933058738708496
1801 1.9818871021270752
1802 1.9268579483032227
1803 2.053821086883545
1804 2.0011699199676514
1805 2.05938720703125
1806 2.010317802429199
1807 2.2307209968566895
1808 2.5961878299713135
1809 1.9200961589813232
1810 1.9494540691375732
1811 1.971034049987793
1812 1.9946959018707275
1813 2.1069130897521973
1814 2.0762197971343994
1815 1.9405732154846191
1816 1.9650230407714844
1817 1.961411714553833
1818 1.9305391311645508
1819 2.064237117767334
1820 2.04223895072937
1821 1.9498050212860107
1822 1.9049289226531982
1823 2.14066219329834
1824 1.9225637912750244
1825 1.9178779125213623
1826 1.971886157989502
1827 1.965350866317749
1828 2.0092082023620605
1829 1.888124704360962
1830 1.8977882862091064
1831 1.9485678672790527
1832 1.9838480949401855
1833 1.9023618698120117
1834 1.986109972000122
1835 2.0555570125579834
1836 2.116521120071411
1837 1.9957239627838135
1838 1.9673919677734375
1839 2.394918918609619
1840 2.0019030570983887
1841 2.1565709114074707
1842 2.0116491317749023
1843 1.952265977859497
1844 2.011817216873169
1845 1.9451756477355957
1846 1.9962570667266846
1847 1.9472429752349854
1848 1.9797303676605225
1849 2.0058586597442627
1850 1.9596989154815674
1851 1.993598222732544
1852 2.004331111907959
1853 1.9859309196472168
1854 1.9409260749816895
1855 2.0078189373016357
1856 2.0323541164398193
1857 2.00417160987854
1858 2.014355182647705
1859 2.713243007659912
1860 1.898838996887207
1861 1.9740240573883057
1862 1.924691915512085
1863 2.0631470680236816
1864 1.9833991527557373
1865 2.007849931716919
1866 2.6910789012908936
1867 2.091240882873535
1868 1.932487964630127
1869 2.1489551067352295
1870 1.979367971420288
1871 1.9167311191558838
1872 1.9614620208740234
1873 1.9181230068206787
1874 2.0923590660095215
1875 1.9588956832885742
1876 1.9113342761993408
1877 2.0054547786712646
1878 1.9322102069854736
1879 1.9499578475952148
1880 2.021851062774658
1881 2.0167551040649414
1882 2.063214063644409
1883 2.1013119220733643
1884 1.893415927886963
1885 1.9897029399871826
1886 2.0846362113952637
1887 1.9172186851501465
1888 1.8881111145019531
1889 2.0410661697387695
1890 1.9232807159423828
1891 1.9113471508026123
1892 1.9314429759979248
1893 2.082271099090576
1894 1.9634878635406494
1895 1.994230031967163
1896 1.9384520053863525
1897 1.955010175704956
1898 2.1710216999053955
1899 1.909214973449707
1900 2.057584285736084
1901 1.9136309623718262
1902 1.9558289051055908
1903 1.9688339233398438
1904 2.010613203048706
1905 1.9306700229644775
1906 1.9152848720550537
1907 1.8506429195404053
1908 1.9479501247406006
1909 1.9683709144592285
1910 1.9302279949188232
1911 1.9834260940551758
1912 2.033513069152832
1913 1.9321000576019287
1914 1.918313980102539
1915 1.8966808319091797
1916 2.3231489658355713
1917 1.9173190593719482
1918 2.003801107406616
1919 1.9011218547821045
1920 2.158262014389038
1921 1.9906768798828125
1922 1.9616892337799072
1923 1.9142777919769287
1924 1.8564352989196777
1925 1.8487186431884766
1926 1.9578421115875244
1927 1.909174919128418
1928 1.9000630378723145
1929 1.9635281562805176
1930 1.908815860748291
1931 1.922577142715454
1932 1.8974769115447998
1933 1.8716130256652832
1934 2.0301568508148193
1935 1.9267992973327637
1936 1.864898920059204
1937 1.9575257301330566
1938 1.9032204151153564
1939 1.8911597728729248
1940 2.2099850177764893
1941 1.8706309795379639
1942 1.9145729541778564
1943 1.8817100524902344
1944 2.0817768573760986
1945 2.0792810916900635
1946 1.9885170459747314
1947 1.9317028522491455
1948 1.8967251777648926
1949 1.9867818355560303
1950 2.639940023422241
1951 2.0624070167541504
1952 1.9307072162628174
1953 1.8612689971923828
1954 1.9317970275878906
1955 1.9338469505310059
1956 1.961803913116455
1957 2.0123181343078613
1958 1.8414478302001953
1959 1.9980340003967285
1960 1.9241750240325928
1961 2.006800889968872
1962 1.9799401760101318
1963 1.9242727756500244
1964 1.9213001728057861
1965 1.9793472290039062
1966 2.226771831512451
1967 2.055485963821411
1968 2.006746768951416
1969 2.05491042137146
1970 1.9017157554626465
1971 2.083158016204834
1972 2.0195140838623047
1973 1.8738229274749756
1974 1.8446760177612305
1975 1.941230058670044
1976 2.1014809608459473
1977 2.0043258666992188
1978 2.0093300342559814
1979 1.9898769855499268
1980 1.913728952407837
1981 1.917938232421875
1982 1.9247770309448242
1983 1.97804594039917
1984 2.113499879837036
1985 1.9132788181304932
1986 1.988002061843872
1987 1.992150068283081
1988 2.554542064666748
1989 1.8886239528656006
1990 1.958876132965088
1991 1.9396491050720215
1992 1.7907438278198242
1993 1.882045030593872
1994 2.557559013366699
1995 1.8105390071868896
1996 1.7852628231048584
1997 1.8583321571350098
1998 2.117525815963745
1999 1.8953251838684082
2000 1.8175079822540283
2001 1.8496170043945312
2002 1.829374074935913
2003 1.8484179973602295
2004 2.0342090129852295
2005 1.9219861030578613
2006 1.867297649383545
2007 1.8986701965332031
2008 2.024960994720459
2009 2.038969039916992
2010 1.9342291355133057
2011 1.831141710281372
2012 1.997955083847046
2013 2.2774219512939453
2014 1.8641870021820068
2015 1.8559601306915283
2016 1.843587875366211
2017 1.8139760494232178
2018 1.9293529987335205
2019 1.9941880702972412
2020 1.878584861755371
2021 1.88350510597229
2022 1.8790440559387207
2023 1.8645787239074707
2024 1.8700981140136719
2025 2.0824689865112305
2026 2.0635321140289307
2027 2.4691789150238037
2028 1.9265010356903076
2029 1.8677978515625
2030 1.9063942432403564
2031 1.9882328510284424
2032 1.8882849216461182
2033 1.9718680381774902
2034 1.8799169063568115
2035 1.8757541179656982
2036 1.8774421215057373
2037 1.9083518981933594
2038 2.525296211242676
2039 1.8852386474609375
2040 1.9103672504425049
2041 1.8944189548492432
2042 1.885443925857544
2043 1.9095690250396729
2044 1.9264140129089355
2045 1.965939998626709
2046 1.8932149410247803
2047 2.183917999267578
2048 1.8527331352233887
2049 2.590460777282715
2050 1.8575043678283691
2051 2.669639825820923
2052 1.9294888973236084
2053 2.0262770652770996
2054 1.8699800968170166
2055 2.0460798740386963
2056 1.8286149501800537
2057 1.8860011100769043
2058 1.9038500785827637
2059 1.8735589981079102
2060 1.8170199394226074
2061 1.8891351222991943
2062 1.910841703414917
2063 1.8137142658233643
2064 1.9016778469085693
2065 1.8200628757476807
2066 1.8950681686401367
2067 1.911674976348877
2068 1.9048540592193604
2069 1.8639519214630127
2070 1.8760879039764404
2071 2.1171200275421143
2072 1.842299222946167
2073 1.8375017642974854
2074 2.062263250350952
2075 1.8591148853302002
2076 1.9423937797546387
2077 1.7937893867492676
2078 1.8009967803955078
2079 1.8163151741027832
2080 1.9435968399047852
2081 1.8708209991455078
2082 1.8616690635681152
2083 1.9095268249511719
2084 1.841318130493164
2085 2.486630916595459
2086 1.9353840351104736
2087 2.7234749794006348
2088 1.964806079864502
2089 1.9776580333709717
2090 1.8282301425933838
2091 1.9275379180908203
2092 1.8393619060516357
2093 1.8304669857025146
2094 1.8669040203094482
2095 1.9312729835510254
2096 1.842116117477417
2097 1.8101050853729248
2098 1.8350489139556885
2099 1.8599867820739746
2100 1.91276216506958
2101 1.8731410503387451
2102 1.9438788890838623
2103 1.9179720878601074
2104 1.912761926651001
2105 1.8765311241149902
2106 1.8920698165893555
2107 1.9412710666656494
2108 1.8408408164978027
2109 4.646189212799072
2110 1.849341869354248
2111 2.1079800128936768
2112 1.9769630432128906
2113 1.8353090286254883
2114 1.8101520538330078
2115 1.8234188556671143
2116 2.116697072982788
2117 1.8576819896697998
2118 1.9384019374847412
2119 1.9599502086639404
2120 2.199671983718872
2121 1.832495927810669
2122 1.7947919368743896
2123 1.989084005355835
2124 2.014888048171997
2125 1.9571058750152588
2126 2.0597879886627197
2127 1.8141591548919678
2128 1.8545489311218262
2129 1.9178500175476074
2130 1.8967621326446533
2131 1.7713768482208252
2132 1.8752450942993164
2133 1.8360519409179688
2134 1.8481628894805908
2135 1.8073952198028564
2136 1.8528997898101807
2137 1.9093081951141357
2138 1.7903649806976318
2139 1.88444185256958
2140 1.808467149734497
2141 1.7196857929229736
2142 1.7662982940673828
2143 1.7431707382202148
2144 1.7602159976959229
2145 1.7203571796417236
2146 1.77447509765625
2147 1.7518336772918701
2148 1.8009343147277832
2149 1.8144729137420654
2150 1.7348029613494873
2151 1.7395849227905273
2152 1.790442943572998
2153 2.0270349979400635
2154 1.8505940437316895
2155 1.8009321689605713
2156 2.1574320793151855
2157 1.8770346641540527
2158 1.8972411155700684
2159 1.942378044128418
2160 1.7898139953613281
2161 1.85337495803833
2162 1.8822269439697266
2163 1.8480091094970703
2164 1.8398091793060303
2165 1.9130885601043701
2166 2.0656192302703857
2167 2.0133180618286133
2168 1.8534278869628906
2169 1.857391119003296
2170 1.86350679397583
2171 1.8154270648956299
2172 1.8473711013793945
2173 1.9450781345367432
2174 1.8999028205871582
2175 1.9617080688476562
2176 2.523606777191162
2177 1.9989292621612549
2178 1.8087186813354492
2179 1.8663170337677002
2180 1.7314701080322266
2181 1.9307541847229004
2182 2.4951539039611816
2183 1.8271448612213135
2184 1.919133186340332
2185 1.8719630241394043
2186 1.9401657581329346
2187 1.8906691074371338
2188 2.064629077911377
2189 1.9072270393371582
2190 1.937309980392456
2191 1.9198520183563232
2192 1.8585028648376465
2193 1.9712529182434082
2194 1.9854919910430908
2195 1.7743480205535889
2196 2.712268114089966
2197 1.861893892288208
2198 1.7936601638793945
2199 1.8237378597259521
2200 1.839355230331421
2201 1.8408586978912354
2202 2.1293911933898926
2203 1.946991205215454
2204 1.7835829257965088
2205 1.8606510162353516
2206 1.7459678649902344
2207 1.7067089080810547
2208 1.9166789054870605
2209 1.8526611328125
2210 1.9025371074676514
2211 1.8846688270568848
2212 1.8001770973205566
2213 2.078702926635742
2214 1.7968151569366455
2215 1.8467018604278564
2216 1.8611371517181396
2217 1.8260159492492676
2218 2.0501787662506104
2219 1.7929551601409912
2220 1.8265690803527832
2221 1.9592580795288086
2222 1.7273988723754883
2223 1.8047738075256348
2224 1.7771821022033691
2225 1.8702740669250488
2226 1.870835781097412
2227 1.8901112079620361
2228 1.9469430446624756
2229 1.9417648315429688
2230 1.8548049926757812
2231 1.840496301651001
2232 1.8984346389770508
2233 1.8689911365509033
2234 2.588743209838867
2235 1.7611808776855469
2236 2.576941967010498
2237 2.074460983276367
2238 1.8252840042114258
2239 1.8780062198638916
2240 2.6231679916381836
2241 1.9454619884490967
2242 1.8448708057403564
2243 1.8310441970825195
2244 1.8548517227172852
2245 1.9268510341644287
2246 1.9260492324829102
2247 1.869560718536377
2248 1.7621910572052002
2249 2.016242027282715
2250 1.9367640018463135
2251 2.132054090499878
2252 1.8909039497375488
2253 2.042567014694214
2254 2.081223964691162
2255 2.4729011058807373
2256 1.9692707061767578
2257 1.9621412754058838
2258 1.8199398517608643
2259 2.3031139373779297
2260 1.7361910343170166
2261 1.9601261615753174
2262 1.9155559539794922
2263 2.325562000274658
2264 1.912895917892456
2265 1.8852109909057617
2266 1.8891980648040771
2267 2.0457558631896973
2268 1.9044620990753174
2269 2.02390718460083
2270 1.7849738597869873
2271 1.882728099822998
2272 1.749269962310791
2273 1.755228042602539
2274 1.7180137634277344
2275 2.48410701751709
2276 1.7483572959899902
2277 1.7542169094085693
2278 1.9615716934204102
2279 1.7485120296478271
2280 1.8315303325653076
2281 1.7295897006988525
2282 2.1049792766571045
2283 1.8108279705047607
2284 1.8041150569915771
2285 2.0367159843444824
2286 1.794780969619751
2287 1.9390358924865723
2288 1.853623867034912
2289 2.0678982734680176
2290 2.0195257663726807
2291 1.8930950164794922
2292 1.839724063873291
2293 1.9039690494537354
2294 1.7504839897155762
2295 2.004074811935425
2296 1.8704121112823486
2297 1.903440237045288
2298 1.8464477062225342
2299 1.7482380867004395
2300 1.8076119422912598
2301 1.753486156463623
2302 1.9355659484863281
2303 1.8378069400787354
2304 1.9260210990905762
2305 1.7656099796295166
2306 1.9945099353790283
2307 1.9055180549621582
2308 2.004403829574585
2309 1.8630242347717285
2310 1.7178471088409424
2311 1.8897626399993896
2312 1.7526280879974365
2313 1.81318998336792
2314 1.773719072341919
2315 1.7896771430969238
2316 1.789057731628418
2317 1.9976921081542969
2318 1.8344409465789795
2319 1.8312571048736572
2320 1.7182140350341797
2321 2.432183027267456
2322 1.7152819633483887
2323 1.787475824356079
2324 1.7225892543792725
2325 1.7461650371551514
2326 1.8125388622283936
2327 1.802825927734375
2328 1.7476050853729248
2329 1.6937799453735352
2330 1.8346071243286133
2331 1.9748117923736572
2332 1.736281156539917
2333 2.4386348724365234
2334 1.8583052158355713
2335 1.9463708400726318
2336 1.7729389667510986
2337 1.7319562435150146
2338 1.8545536994934082
2339 1.7401559352874756
2340 1.7927663326263428
2341 1.8161048889160156
2342 1.8578848838806152
2343 2.0362911224365234
2344 1.988940954208374
2345 1.8303489685058594
2346 1.809136152267456
2347 1.806708812713623
2348 1.730705976486206
2349 1.9174590110778809
2350 2.083311080932617
2351 1.7109639644622803
2352 1.7999119758605957
2353 1.8251571655273438
2354 1.9607958793640137
2355 1.8154809474945068
2356 1.8582050800323486
2357 1.7687678337097168
2358 1.8925492763519287
2359 1.7341058254241943
2360 1.722898006439209
2361 1.7730190753936768
2362 1.7954449653625488
2363 1.8138270378112793
2364 1.8046269416809082
2365 1.8024530410766602
2366 1.8847079277038574
2367 1.8835861682891846
2368 1.6673989295959473
2369 1.715588092803955
2370 1.859956979751587
2371 1.7007129192352295
2372 1.68526291847229
2373 1.863631010055542
2374 1.7341701984405518
2375 1.9151818752288818
2376 1.764944076538086
2377 1.7286858558654785
2378 1.7101731300354004
2379 1.6840219497680664
2380 1.6750080585479736
2381 1.7423319816589355
2382 1.8546578884124756
2383 1.7177059650421143
2384 1.8755249977111816
2385 1.713144063949585
2386 1.6962449550628662
2387 1.8732879161834717
2388 2.079893112182617
2389 2.43436598777771
2390 1.9129409790039062
2391 1.8491120338439941
2392 1.816809892654419
2393 2.2075161933898926
2394 2.0184011459350586
2395 1.7523188591003418
2396 1.8909797668457031
2397 1.7529993057250977
2398 1.781261682510376
2399 1.7410340309143066
2400 1.8357582092285156
2401 1.9627559185028076
2402 1.7674529552459717
2403 2.0449399948120117
2404 1.6678102016448975
2405 1.8554737567901611
2406 2.1923811435699463
2407 1.9529781341552734
2408 2.006150960922241
2409 1.8193426132202148
2410 1.823986291885376
2411 1.7621119022369385
2412 1.7910501956939697
2413 1.821744680404663
2414 1.784425973892212
2415 1.7987301349639893
2416 1.8784949779510498
2417 1.9064350128173828
2418 1.7846531867980957
2419 1.8064608573913574
2420 1.7856550216674805
2421 1.8478310108184814
2422 2.037040948867798
2423 1.8025319576263428
2424 1.7381110191345215
2425 1.7721240520477295
2426 1.8334109783172607
2427 2.5044500827789307
2428 1.7799029350280762
2429 1.751791000366211
2430 1.8130159378051758
2431 1.7779839038848877
2432 1.7608602046966553
2433 1.904655933380127
2434 1.766052007675171
2435 1.748514175415039
2436 1.7707998752593994
2437 1.7176079750061035
2438 1.7446560859680176
2439 1.8521299362182617
2440 1.9039838314056396
2441 1.7341132164001465
2442 2.039949893951416
2443 1.7304790019989014
