5242 005 49.2295880317688
5242 010 33.610782861709595
5242 015 30.864414930343628
5242 020 27.69488215446472
5242 025 21.55159091949463
5242 030 34.13574695587158
5242 035 19.92942976951599
5242 040 22.09910774230957
5242 045 21.86040759086609
5242 050 26.280811071395874
5242 055 35.31365609169006
5242 060 25.363615036010742
5242 065 15.631685256958008
5242 070 21.770254135131836
5242 075 20.319802284240723
5242 080 16.40212321281433
5242 085 31.961472034454346
5242 090 26.799853086471558
5242 095 29.231055974960327
5242 100 21.72722291946411
5242 105 14.2138192653656
5242 110 34.68990421295166
5242 115 25.229639053344727
5242 120 23.092273235321045
5242 125 29.388070821762085
5242 130 17.704671144485474
5242 135 25.78108310699463
5242 140 28.087239027023315
5242 145 17.94957995414734
5242 150 31.887972116470337
5242 155 21.173421144485474
5242 160 24.702821016311646
5242 165 28.91212010383606
5242 170 17.074836015701294
5242 175 42.24611186981201
5242 180 32.186490058898926
5242 185 31.880736112594604
5242 190 19.945231914520264
5242 195 17.794032096862793
5242 200 33.95066285133362

9877 005 223.024649143219
9877 010 160.3030240535736
9877 015 117.60623097419739
9877 020 84.10900521278381
9877 025 83.5141499042511
9877 030 68.8136739730835
9877 035 64.1442358493805
9877 040 53.108445167541504
9877 045 56.49755501747131
9877 050 75.00797629356384
9877 055 50.1602668762207
9877 060 51.89699602127075
9877 065 54.194563150405884
9877 070 46.99125099182129
9877 075 44.67479395866394
9877 080 36.36035490036011
9877 085 36.89648103713989
9877 090 45.73429608345032
9877 095 36.87734007835388
9877 100 46.96425199508667
9877 105 44.84972286224365
9877 110 34.84971213340759
9877 115 30.079915046691895
9877 120 35.02046608924866
9877 125 30.26584815979004
9877 130 35.930660247802734
9877 135 35.24943685531616
9877 140 32.16358399391174
9877 145 33.881805181503296
9877 150 29.14534306526184
9877 155 27.008459091186523
9877 160 35.9223849773407
9877 165 32.084699869155884
9877 170 25.932465076446533
9877 175 38.35465979576111
9877 180 32.55887699127197
9877 185 25.226239919662476
9877 190 45.03174805641174
9877 195 36.48645806312561
9877 200 32.22117471694946

18772 005 2665.5571410655975
18772 010 1521.9760689735413
18772 015 1576.0308992862701
18772 020 1144.5706369876862
18772 025 1012.6370468139648
18772 030 863.4359769821167
18772 035 732.4014110565186
18772 040 645.5627331733704
18772 045 534.4786591529846
18772 050 468.323725938797
18772 055 442.87176990509033
18772 060 401.29716086387634
18772 065 379.40620493888855
18772 070 340.6020359992981
18772 075 327.6072247028351
18772 080 338.915292263031
18772 085 282.084538936615
18772 090 322.4855980873108
18772 095 292.1773889064789
18772 100 303.70870780944824
18772 105 254.42986273765564
18772 110 269.35664200782776
18772 115 243.5079221725464
18772 120 272.38683104515076
18772 125 255.27075695991516
18772 130 260.55300402641296
18772 135 128.25718092918396
18772 140 250.59791207313538
18772 145 208.999094247818
18772 150 221.291650056839
18772 155 195.895122051239
18772 160 188.3869490623474
18772 165 315.35778188705444
18772 170 183.85760712623596
18772 175 237.89469289779663
18772 180 193.54173278808594
18772 185 243.19156408309937
18772 190 159.48371005058289
18772 195 172.00393795967102
18772 200 170.23670506477356

34546 005 13494.635851860046
34546 010 7820.206044912338
34546 015 8214.935378074646
34546 020 4722.005645990372
34546 025 4899.458378791809
34546 030 4702.862015247345
34546 035 3464.2657783031464
34546 040 2957.6494121551514
34546 045 2627.4498250484467
34546 050 2398.255120277405
34546 055 2139.631555080414
34546 060 2159.8448650836945
34546 065 1851.4654681682587
34546 070 1737.6686370372772
34546 075 1729.779581785202
34546 080 1666.0734059810638
34546 085 1574.352527141571
34546 090 1557.1004106998444
34546 095 1368.402811050415
34546 100 1339.7835538387299
34546 105 1205.0247490406036
34546 110 1224.8217730522156
34546 115 1180.3472290039062
34546 120 1274.294242143631
34546 125 1645.5802879333496
34546 130 1747.2308459281921
34546 135 715.335902929306
34546 140 1410.3727910518646
34546 145 948.5798189640045
34546 150 529.7013289928436
34546 155 722.0992960929871
34546 160 1184.7396190166473
34546 165 546.8160738945007
34546 170 832.2092411518097
34546 175 1155.7247409820557
34546 180 1008.0959668159485
34546 185 966.1707110404968
34546 190 1017.934417963028
34546 195 1013.4232861995697
34546 200 981.3914847373962
