14496 005 49.2295880317688
14496 010 33.610782861709595
14496 015 30.864414930343628
14496 020 27.69488215446472
14496 025 21.55159091949463
14496 030 34.13574695587158
14496 035 19.92942976951599
14496 040 22.09910774230957
14496 045 21.86040759086609
14496 050 26.280811071395874
14496 055 35.31365609169006
14496 060 25.363615036010742
14496 065 15.631685256958008
14496 070 21.770254135131836
14496 075 20.319802284240723
14496 080 16.40212321281433
14496 085 31.961472034454346
14496 090 26.799853086471558
14496 095 29.231055974960327
14496 100 21.72722291946411
14496 105 14.2138192653656
14496 110 34.68990421295166
14496 115 25.229639053344727
14496 120 23.092273235321045
14496 125 29.388070821762085
14496 130 17.704671144485474
14496 135 25.78108310699463
14496 140 28.087239027023315
14496 145 17.94957995414734
14496 150 31.887972116470337
14496 155 21.173421144485474
14496 160 24.702821016311646
14496 165 28.91212010383606
14496 170 17.074836015701294
14496 175 42.24611186981201
14496 180 32.186490058898926
14496 185 31.880736112594604
14496 190 19.945231914520264
14496 195 17.794032096862793
14496 200 33.95066285133362

25998 005 223.024649143219
25998 010 160.3030240535736
25998 015 117.60623097419739
25998 020 84.10900521278381
25998 025 83.5141499042511
25998 030 68.8136739730835
25998 035 64.1442358493805
25998 040 53.108445167541504
25998 045 56.49755501747131
25998 050 75.00797629356384
25998 055 50.1602668762207
25998 060 51.89699602127075
25998 065 54.194563150405884
25998 070 46.99125099182129
25998 075 44.67479395866394
25998 080 36.36035490036011
25998 085 36.89648103713989
25998 090 45.73429608345032
25998 095 36.87734007835388
25998 100 46.96425199508667
25998 105 44.84972286224365
25998 110 34.84971213340759
25998 115 30.079915046691895
25998 120 35.02046608924866
25998 125 30.26584815979004
25998 130 35.930660247802734
25998 135 35.24943685531616
25998 140 32.16358399391174
25998 145 33.881805181503296
25998 150 29.14534306526184
25998 155 27.008459091186523
25998 160 35.9223849773407
25998 165 32.084699869155884
25998 170 25.932465076446533
25998 175 38.35465979576111
25998 180 32.55887699127197
25998 185 25.226239919662476
25998 190 45.03174805641174
25998 195 36.48645806312561
25998 200 32.22117471694946

192110 005 2665.5571410655975
192110 010 1521.9760689735413
192110 015 1576.0308992862701
192110 020 1144.5706369876862
192110 025 1012.6370468139648
192110 030 863.4359769821167
192110 035 732.4014110565186
192110 040 645.5627331733704
192110 045 534.4786591529846
192110 050 468.323725938797
192110 055 442.87176990509033
192110 060 401.29716086387634
192110 065 379.40620493888855
192110 070 340.6020359992981
192110 075 327.6072247028351
192110 080 338.915292263031
192110 085 282.084538936615
192110 090 322.4855980873108
192110 095 292.1773889064789
192110 100 303.70870780944824
192110 105 254.42986273765564
192110 110 269.35664200782776
192110 115 243.5079221725464
192110 120 272.38683104515076
192110 125 255.27075695991516
192110 130 260.55300402641296
192110 135 128.25718092918396
192110 140 250.59791207313538
192110 145 208.999094247818
192110 150 221.291650056839
192110 155 195.895122051239
192110 160 188.3869490623474
192110 165 315.35778188705444
192110 170 183.85760712623596
192110 175 237.89469289779663
192110 180 193.54173278808594
192110 185 243.19156408309937
192110 190 159.48371005058289
192110 195 172.00393795967102
192110 200 170.23670506477356

421578 005 13494.635851860046
421578 010 7820.206044912338
421578 015 8214.935378074646
421578 020 4722.005645990372
421578 025 4899.458378791809
421578 030 4702.862015247345
421578 035 3464.2657783031464
421578 040 2957.6494121551514
421578 045 2627.4498250484467
421578 050 2398.255120277405
421578 055 2139.631555080414
421578 060 2159.8448650836945
421578 065 1851.4654681682587
421578 070 1737.6686370372772
421578 075 1729.779581785202
421578 080 1666.0734059810638
421578 085 1574.352527141571
421578 090 1557.1004106998444
421578 095 1368.402811050415
421578 100 1339.7835538387299
421578 105 1205.0247490406036
421578 110 1224.8217730522156
421578 115 1180.3472290039062
421578 120 1274.294242143631
421578 125 1645.5802879333496
421578 130 1747.2308459281921
421578 135 715.335902929306
421578 140 1410.3727910518646
421578 145 948.5798189640045
421578 150 529.7013289928436
421578 155 722.0992960929871
421578 160 1184.7396190166473
421578 165 546.8160738945007
421578 170 832.2092411518097
421578 175 1155.7247409820557
421578 180 1008.0959668159485
421578 185 966.1707110404968
421578 190 1017.934417963028
421578 195 1013.4232861995697
421578 200 981.3914847373962
